Parameters for simulation. Weather from davis data. 
 Run type = standard
traits = day temp precip
best.precip has value 10.000000 
best.temp has value 10.000000 
duration has value 10.000000 
N has value 10.000000 
numYears has value 10.000000 
runType has value 10.000000 
 sds= 
$day
[1] 3.65

$temp
[1] 0.45

$precip
[1] 1

$cutemp
[1] 90

$cuprecip
[1] 6

$daysq
[1] 1332.25

$tempsq
[1] 19.7136

$precipsq
[1] 100

$cutempsq
[1] 2500

$cuprecipsq
[1] 200


 mutrate=
$day
[1] 0.01

$temp
[1] 0.01

$precip
[1] 0.01

$cutemp
[1] 0

$cuprecip
[1] 0

$daysq
[1] 0

$tempsq
[1] 0

$precipsq
[1] 0

$cutempsq
[1] 0

$cuprecipsq
[1] 0


 start=
$day
[1]    1 1095

$temp
[1]   5 135

$precip
[1] 1e-02 3e+02

$cutemp
[1] 0

$cuprecip
[1] 0

$daysq
[1] 0

$tempsq
[1] 0

$precipsq
[1] 0

$cutempsq
[1] 0

$cuprecipsq
[1] 0


 years.index=
   [1]  35  94  73   6  96  97  96  71  65  24   4  31  32   7  22  46  81  39   3  26  35
  [22]  24  93  94  50  92  32  74  26  23  92  74  68  13  26  82  51  27  91  32  38  83
  [43]  49  22  95  81  66   2  81  36  64  88  18  95  54  55  80  30  59   8  16  76  43
  [64]  75  96  11   8  59  82  14  31 100  26   2  59  75  71   4  90  57  31 100  97  64
  [85]  81  42  54  35  30  90  73  77  52  94  64  33  57  18  56  62  11  24  41  55  22
 [106]  58  96  48  26  18  34  33  59  21  82  73  44  32  10  64  19  91  12  30  55  46
 [127]  20  64  28  55  29  20  13  38  25  29   7  77  76  18   3  47  43  46  67  56  37
 [148]  22  70  36  74  64  30  82  21  30  26  72  30  80  27  18  51  35  31  96  98  80
 [169]  80  24  49  97  45  57  39  65  46  20  52  28  10  61  56  14  98   8  94  95  94
 [190]  34  43  88  10   2  19  16  89   9  65  15  50  80  40  21  86  10  17  35   3  15
 [211]  10  91   4  29  85  88  94  71  70  14  64  99   2  14  33  56  52  73  51  83  27
 [232]  70  75  96  96  36  71  62  34  64  51  56  77   8  13  39   4  77  33  75 100  68
 [253]  30  39  49  36  38  90  15  61  94  39  56  36  53  82  46  33  34  17  92  11  83
 [274]  59  98  86  58  87  29  20  69  67  22  42  43  34  67  78  96   3 100  34  95  21
 [295]  82  60  70  80  68  58  99  50  29  27  55  86  87  92  76  52  35  45  71  48  48
 [316]  43  75  67  48  53  17  73  80   4  51  86  51  75   1  10  39  44  66  51  35  44
 [337]  25  70  56  39  80  33  31  95  92  46  29   9  10  67  39  93  33  40  28  17  66
 [358]  49  45  38  60  23  62  45  26  90  11  60  48  63  16  89  88  13  71  80  48  14
 [379]  75  70  96   2  27  41  59  67  94  79  29  26  94  38  89  68   9   8  91  10  47
 [400]  26  87  48  16  53  66  80   9  91  51  49  83  33  51  32  14  45  29  48  37  75
 [421]  15  62  36  51  24  71  47  57  84  42  61  88  28   7   1  98  68  58  91  80  20
 [442]  59  90  23  13  70  75   5  85  58  57  11  10  33  78  93  37  14  13  99  98  61
 [463]  81  26  27  46  97  38  67  25   8  44  98  12  12   9  49  88  51  99  87  66   9
 [484]  68  55  14  33  43  34  84  70   8  47  66  23  97  80  82  90  32  99  97  21  56
 [505]  89  33  46  10  31   8  80   2   8  64  83  82  96  27   3  31  29  76  52  90  98
 [526]  53  10  49  35  96  41  18  35  73   4   8  49  37  86  66  73  56  28  55  11  43
 [547]  22  67  91  75   3  63  77  73  53  53   2  68  74   8  25  43  19  60  73  72  98
 [568]   2  51  67  72  43  75  18  59   1  18  64  65  79   5  58  55  29   4  16 100  41
 [589]  70  47 100  70  61  61  82  21  43  16  23  83   2   6  85  55  61  89  37  65  49
 [610]  85  25  77  28  53  84  78  46  77  43  87  67  31  13  40   7  64   4  30  13   1
 [631]  35  88  65  32  88  39  94  39   7  76  86  29  97  86   5  83  57  43  46  27  78
 [652]  78  56  99  38  40  32  61 100  33  14  78  41  24  13  43  16  21  61  82  67  53
 [673]  33  98  66  46  22  25  48  28  44  75  96  47  21  17  92  30  47  46  24  14  21
 [694]  23  76  72  99  64  43  57  15   1  43  21  55  39   5  68  67 100  12  40  99   2
 [715]  45  44  54  49   9  59  58   8  52  83  78  76  64  78  53  21  63  61  13  26  61
 [736]  22  90  13  60  91  83  24  61  14  26  21  51  22  98   1  68  33  77  25  24  94
 [757]  84  10  33  72  95  76  91   5  17   7  85   4  71  21  98  84  90  26  38   9  51
 [778]  73  86   2   1  57  19  52  52  32  67  20   5  55  69  16  17 100  10  79  61  79
 [799]  28   9  45  65  26  82   6  69  73  77  55  81  98   5   8  42  87  62  98   8  60
 [820]  19  72   4  34  46   1   6  87  49  43  13  14  39  26  55  53  19  42  21  90  19
 [841]  12  14  87  30  56  10  19  97  49  64  46  40   9  68  62  56  57  74  99  58  41
 [862]  34  85  32   2  19  22  30  53  68  66  79  59  65  95  54  24  15  64  92  21  42
 [883]  16  52  52  35   1  72  16  49  69  10  50  58  52  50  55  49  80   1  59  56  63
 [904]  64   2  49  53  33  22  65  43  11  84  39  87  92  86  69  58  43  16  44  39  11
 [925]  31   4  64   6  88  97  97  34  90  13  27  75  12  68  72 100  82  74  20  63  52
 [946]  67  87  80  49  15  49  19  43  58  37  89  33  91  97  92  82  49  76  35  82  16
 [967]  51  95  50  74  44  38  80  17  81  56  22  60  24  29  23   9  80  67  29  84  44
 [988]  83  64  94  50  92  73  88  41  24  19  91   1  16  51  17  20  59   4   8  62  42
[1009]  37  73  46  14  90  60  84  96  23  85  18  65  42  16  83  84  13  62  67  34  46
[1030]  44  42  56  71  19  12  87  14  45  34  28  27  51  47  18  94  54  71  40  13  32
[1051]  90  73  37  98  30  23  90  78   8  44  44  24  87   4  65  70  78  87  28  50  13
[1072]  86  77  96  65   6  51  75   1  13  84  69  70  87  58  38  56  83  13  24  22  46
[1093]  23  50  11  29  46  34  76   3  10  33  57  60  84  83   7  93  57   8   6  26  59
[1114]  70  19  72  87  77  89   5  86  78  45  29  79  38  78  51  45  37  22  71  69  72
[1135]  85  39  95  35  77  62  22  55  36  79  31  45   9  20  81  94  19  68  29  41   6
[1156]  87  13  85  63  10  46  59  41  17   8  15  34  95   2  47  10 100  17  10  63  47
[1177]  82  39  79  48   2  40 100  39  77  81  35  27  18  96  97  25  22  45   7  58  11
[1198]  20  80  12  42  70  33  35  58  60  49  43  26  89  86  26  64   1  62  86  39  32
[1219]  29  75  27  22  31  88  60  21  56  52  98  76  27   9  77  85  66  54  49  75  83
[1240]  83  89  30  82  30  54  49  95  76  75  64  36  45   9  84  65  88  36  23  60  88
[1261]  94  46  92  62  14  62  76  69  26  24  52  40  28  82  86  28  98  28   9  60  79
[1282]  77  82  32  25  68  42  67  45  49  61   6  14   1  73  56  73  58  26  21  14  86
[1303]  30  63  54  54  54   1  27  14  20  39  50  12  35   7  87  62  17  64   6  55  52
[1324]  59  31  65  30  45  95   4  15  58  16  27  24  23  38  23  35  80  41  22  42  85
[1345]  13  72  87  64  49  70  25  30  51  55  43  51  67  18  48  24  63  78  33  20  71
[1366]  69  76  22  44  24  77  88   2  33  37  33  41  51  39  13  14  30  92  35  57  58
[1387]  50  50  66  76  39  30  86  11  99  15   1  56  88  13   9   2  96  89  21   4  88
[1408]  53  64  64  55  43  32  34  67  26  81  62  56  46  91  64  22   1  96  38   6   8
[1429]  79   2  10  51  63  29  21  58  35  62  45   8  95  13  36  55  49  92   3  68  44
[1450]  81  96  66  76  10  37  99  43  22  28  18  79  32  91  66 100  14  69   3  22  40
[1471]  80  25  49  38  42  11  11  54  81  50   2   3  79  56  93  21  69   9  75  24  67
[1492]  14  62   6  32  56  68  59  67  59  74  27  22  68   5  21  75  37  47  86  70  79
[1513]  93  85  49  54  97  37  86  39  73  53  86  26  66  81  38  71  84  81  76  11  86
[1534]   6  56  51  77  50  56   6  61  14  75   1  81  97  68  94  29  52  28  32   6  91
[1555]  45  74  90  39  50  66  87  57  44  39  25  87  63  18  81  95  72  51  23  22  19
[1576]  62  48  57  46  44  46  40  77  20  62  54  90  27  46  18  59  85  90  89  83  21
[1597]  93  54  45  37  78  60  15  19  25  66  79  32  92  46  24  81  84  29  28  69  13
[1618]  20  81  17  48  69   3  37   4  77  72  72  80  82  48  56  50  37  37  10   9  93
[1639]  93  18  76  21  47  11  59  34  17   1  23  97  52  48  78  28  51  79  51  92  34
[1660]  66  40   4  61   1  15  55  11   6  79  96  86  14  52  62  54  95  32  21  14  17
[1681]  64  47  49  41  87  74   7  93  15  60  12  35  89  35  25  53   6  47  23  72  43
[1702]  43  58  39  73  60  83  56  48  45  92  91  48  33 100  17  75  94  98  18   6  97
[1723]  47  55  36  63  97  95  85  19  14  18   4  93  92  38  73   3  31  66  76  85   7
[1744]  23  83  92  49  26  33  97  97  29 100  43  90  64  63  47  47  28  75  37  91  88
[1765]  18  44  98  99   6  85  98  17  65  43  62  18   5   6  51  33   6  60  38  29  57
[1786]  17  58  98  78  95  70  80  59  41  80  32  80  75  93  28 100  35   5  36  71  33
[1807]  94  82  10  34  82   8  29  80  97  16  70  53  78  57  72  85  40  49  57  89  30
[1828]  62   3  86  82  17  65  30  66  26  38  79   2  47  74   7  54  41  41  47  66   2
[1849]  80  67   3  16  39  43  49  91  42  44  33  17  49  12  77  21  69   4  41  46  97
[1870]  81  16  19  73  17  98  71  88  20  42  27  24  19  81  70  62  99  94   4  40  92
[1891]  58  51  96  10  92  14  49  69  88  97  42  44  77  58  16  71  90  39  88  71  13
[1912]  42  81  89  20  54  62  19   3  47  75  77  44  28  60  55  38  57  45  50  28  27
[1933]  25  25  68  55  49  64  58  77  42  84  40  92  14  20  42  24  18  33  95  83   5
[1954]  26  70  32  50  69  38  19  33  87  51  54   5  15   9  27  91  78  77  39   8  24
[1975]  85  50  78  28  92  82  17  95  46  40   2  57  62  67  17  36  56  86  43  81  94
[1996]  56  22  19  31  71  81  97  73  88  75   5  13  54   3  55  98  49  39  81  81  87
[2017]  68  23  21   2   2   3  84  32  92  37  33   7  48  93  16   4  55  94  84  39  82
[2038]  54  97  60  99  63  33  27  28  91  37  15  33  12  73  25  66  59  21  10  36  94
[2059]  19  46  36  95  83  96  90  11  39  16  63  77  94  21  43  37  12  64  93  63  59
[2080]  85  98  52  63  24  39  92  91  40  40   3  59  60  42  55  71  54  30  95  98  66
[2101]  59   3  68  21  13  21  22   6  62  96  95  64  67  53  35  11  22  38  31  27  60
[2122]  81  83  79  54   2  89  50  45   1  46  94  51  42  93  28  68  56  16  81  51  47
[2143]  53  79  80  58  78  38  73  12   1  19  92  87  68  29  78  48  16  15  82   3  25
[2164]  86  36  28  29  15  68  68  66  52  89  16  28  91  16  36  56  61   1  39  47  36
[2185]  87  89  86  35  32   1  51  33  95  53  36  19  75  34  77  40  25   7  41  58   7
[2206]  23  10  34  34  42  94  60  77  83  79  39  72  37  86  97  19  93  26  43  44  42
[2227]  68  68  90   4  44  22  55  12  61  85  81  60  53  16  22   7  95  20  93  43  91
[2248]  91  46  68  38  63   6  97  29  65  20  97  70  53  63  46  11  48   4  53  16  57
[2269]   1  40  80  81  56  36  96  74  90   5  69  98  56  10  79  21  87  59  29  49  53
[2290]  53  72  18   3  75   2  34  45  57  40  91  14   4  39  92  95  55  26  92  95  93
[2311]  67  85  63  33  77   7  19  12  12  70  69  37  27  46  27  82  40   7   9  64  16
[2332]  63  13  49   6  19  84  74  47  95  74  59  17  67  65  83  70  12  10  77  79  75
[2353]  71  59  82  40  61  47  47  62  72  50  80  10  27  77  39  44  15  82  11  55  48
[2374]  17  86   9  61  45   9  95  78  15  30  99  34  46  17  52  19  40  10  50  46  81
[2395]  21  56  61  67   1  69   6  76  37  34  61  40  17  55  50  72  76  22  92  79  52
[2416]  57  15  30   3  80  14  77  70  14  50  13  72  83  54  86   3  55  78  95  65  38
[2437]   4  78  54  56   4  46  20   5  60  81  66  77  23  20  79   4  13  42  85  61  26
[2458]  64  32  92   3  37  98  67  46  92  47  18  87   4  76  67  45  14 100  53  33   1
[2479]  32  94  77 100  50  99  54  53  46  85  47  99  28  69   2  73  65  15  32  43  58
[2500]  79  47  42  20  66  97  16  69  27  51  36  31  26  14  28  63  50   6  15  45  33
[2521]  76  21  86  63  60  68  61  63  58  35   8  16   1  19  16  25  49  44   8  73  17
[2542]  71  39  41  37  30  74  15  82  63  55 100  51  64  87  23  44  37  64  93  85  54
[2563]  48  66  80  90  94  13  40   2   7   2  68  20  32  15  47  12  71  92   3  99  65
[2584]  83  98  87  82  82  72  70  97  21  25  30  78  12  95  73  21  71  47  81  90  30
[2605]  21  64  78  31  69 100  98  96  70  22  91  27  14  45  54  55  68  35  91  50   3
[2626]   6  90  35  59  83  78  82  83  26  79  13  19  18  55  44  85  20  62  62  79  53
[2647]  97  76   1  60  86  71  16  57  18  22  26  87  62  52  49  74  18  70  42  18  69
[2668]  44   9  10  56  97  93  85  90  94  24  54  51  45  41  46  40  22  28  13  71  96
[2689]  46  82  75  33  86  64   2  44  31  79  35  46  77  11  51   5  79  13  11  15  64
[2710]  86  67  95  29   6  32  39  30  23  91  38  69  11  51  44  82  29  58  27  75  13
[2731]  36  90  23  31  36  73  55  49  55  62  42  70  52  81  46  79  52  32  77  77  50
[2752]  34  74  22  72  48  55  84  39   1  62 100   8  55  15  96  79  86  33  79  57  93
[2773]  62  65  40  48  65  64  70   2  56  80   4  55  28  51   6  51  16  10  66  45  63
[2794]  82  78  90  55   2  97  63  34  90  88  39  16  23  27  15  31  14  49  73  72  55
[2815]  36   2  60  57  71  41  87  53   5  77  88  38  77  63  60  28  67  50  59  59  48
[2836]  32  50  86  88  47  94  23  20  44  15  83  43  70  46  22  55  17  25  74  38  33
[2857]  30  18  98  71  43  97  98   8  96  38  36  48  79  20  52  79  72  57  21  39  42
[2878]  53  37  43  35   7  98  89  16  77  36  68  45  79  80  45  81  15  90   8  94  84
[2899]  52  93  16  33  77   5  48  79  73  45  76  93  35  30  44  63  56  42   2  16   3
[2920] 100  94  62  60  97  79  53  16  35   6  30  89  55  64  88  12  81   7  93  45  14
[2941]  22  87  10  43  55  33  90  58  98  68  46  34  29  83  40  37   6   2  30  59  16
[2962]  56   6  54  41  11   4  19  32  89  23  95  54   4  55  46  92  95  31  23  24  79
[2983]  40  13  28  11  89   5  23   1  30  86  73   6  46  10  41   8  57  65  85  79  91
[3004]  67   9  20  37  38  78  30  27  39   2  50  36  56  41  12  48  52  18  69   9  74
[3025]  96   6  46  54   6  74   4  40  73  40  17  30  64  53  49  88  35  33  15  53  62
[3046]  41  25   7  76  34  97  61   4  18  17  61  26  46  51  99  34  44  77  67  90  55
[3067]  82  32  78   5  31  48  24   2  98  51  52  93  32  64  23  14  10  44   7  52  99
[3088]  54  55  88  45   9  84   4  22  13  24  57  92  17  76  30  72  69  42  94  89  36
[3109]  55  11  19  96  72  76  98  36  16  19  66  66  57  46  29  30  42  18  13   7   9
[3130]  54  66  17  99  79  60  26  14  76  18  13  34   4  74  18  49  25  26  83  52  38
[3151]  57  56   4  34  28  97  66  69  13  86  29  46   8   3  54  35  42  38  59   2  93
[3172]  59  11  11  99  23  76  47  88  79  27  60  29  54  65  25  31  91  74  33  11  93
[3193]  19  38  59  72  80  41  81  15  26  93  42  98  85 100  59  99   6  56  88  43  70
[3214]  62   3  73  63  25  60  33  38  23  67  73  98  92  88  25  10  20  91  68  33  89
[3235]  51  88  73  59  34  31  53  70  53  81   5 100  30  69  98  19  11   4   2  31  27
[3256]  14  33  58  19  62  24  22  79  82  63  98  78   5  84  90  72  71  64  15  93  91
[3277]  58   7  99  25 100  87  32  54  53  59  87  20  19  68  66  48  21  54  59  89  33
[3298]  63  53  87  41  58  30  61  16  44  67  80  38  11  10  10  59  89  61  51  93  40
[3319]  72  73  74  87  50 100  61  84  99  68   1   9  93  71  63  73  83  57  56  39  41
[3340]   7  60  22  88  41  28  92  24  58  59  25   2  32   6  87  51  64  28  26  16  86
[3361]  92  85  61  63  86  18  64  39  11  69  45  80  17  40  82  79  31  67  68  77  49
[3382]  42  72  41  58  21  91  89  76  43  12  65  56  41  25  87  42  13  50  95  50  71
[3403]   8  53  74  74  19  59  82  27  70   2   5  79  77  10  55  97  26  13  82  96  32
[3424]  52  57  92  12  72  27  64  57  88  21  98  98  37  82  24   5  70  72  34  19  59
[3445]  89  49  61  52   1   8  45  82  31   3  62  26  94  10  24  61  83  47   8  11  83
[3466]  45  95  45  75  32  55  95  38  32  51  57  38  47  73  83  98  44  78  77  87  72
[3487]  23  98  23  86  41  88  18  82  62  40  47  77  84  71  35  88  55  52  86  73  65
[3508]  81  14  42  14   5  18  31  67   2  63  61  28  36  84  30  92  42  16  42  59  94
[3529]  76  48  17  73  52  39  51  80  39  88  61  73  49  91   4  34  53  49 100  86  73
[3550]   6  44  74  22  49  16  52  16   8  81  19  13  52  78  29  99  51   7  95  91  68
[3571]  58  47  19  55  24  59  47  45  35  82  68  90   3  23 100  77  34  29   7   5  75
[3592]  62  50  87  81   4  15  12  69  91  99  73  90   1  37  90  79  22  85  43  70  15
[3613]  37  36  14  16  35   5  74  57  40  84  18  51  47  77  92   1  47  89  65  73  56
[3634]   3  44  94  90  31  61   2  19  73  49  84  78  17  44  56  63  58  84  63  84  45
[3655]  68  92  45  81  31  87  45  68   8  97  99  15  52  15  81  63  35  67  15  68  68
[3676]  20  62   3  98  23  79  54  45  25  67  18  87  74  16  14  45  90   4  40  78  11
[3697]  66  84  91  58  76  51  32  73  90  36  28  15  20   8  75  98   3   7  14  20   4
[3718]  24  83  21  34  85  66  20  68  26  43   4  68  56   7  61  20  47  83  65   6   4
[3739]  19  65  58  48  40  64  27  33  51  30  84  26  75  65  18  68   5  55  31  62  37
[3760]  59  27  10  77  23  13  43  58  12  25  77  19  94  52  67  92  13  83  20  61  41
[3781]  39  87  27  80  73  98  93  40  92   1  25  32  87  55  88   7  65  71  51  46  30
[3802]  30  40  27  84  43   5  47  41  45  61  27  10  14  98  80  71  89   5  77   7  40
[3823]  47  88  38   3  48  24  10  67  33  87  52  81  44  77  94  12  39  66  41  46  14
[3844]   9  59  42  56  13  45  57  52  52  68  45  72  15  28  25  43  23  87  26  11  63
[3865]  54  90  62  96  52  93  83  23  18  70  32  72  67  72   3  25  49  81  46  84  46
[3886]  24  83   7  16  77  16  31  37  65  28  36  93  66  54  79  11  87  98  48  93  15
[3907]  36  65  28  53  56   7  15   3  68  80   7   2  25  45  88  39  17  18  62  40  45
[3928]  48  95  97  57  61  86  77  23  58   3  75  83  63  44   9  46  16  25  26  24   1
[3949] 100  98  49   9   2  55  91  87   3  57  78   4  55  86  69  69  13  57  30  25   5
[3970]  83  51  11  79  44  64  68  20  88  38  64  85  92  11  47  81  27  69  73  80  99
[3991]  78  34  96  82  70  83  49  27  30   2  89 100  79  54  99  82  37  71  52  59  20
[4012]  27  36  79  44  80  11   2  84  28  58  70   9  90  62  98  22  68  65  22  89  10
[4033]  36  58  52  55  45  94  93  80  36  28  90  60  10  64  23   3  28  72  25  22  58
[4054]  58  11   9  49  45  28  81  14   4  80   7  43  63  13  92  61  98  57  48   8   7
[4075]  12  89  48  63  39  75  82  94  95  95  49  97  70  22  15  95  30  45  95  48   4
[4096]  48  54  82  18   5  54  57  61  65  24  92  66  73   8  55  22  38  19  57  52  93
[4117]  17  71  10  91  66  93  91  39  27  68   5   4  16  46  96  62   4  76  82  56  97
[4138]  14  38  89  27  42  83   5  44   9  31  43  77  17  18  73  63  53  57   2  48  61
[4159]  69  60  96  88  79  75   7   4  15  48  39  94  56  56  80  83  39  47  14  83  93
[4180]  67  46  62   5  97   4   6  94  19  86  35  20  72   1  91   7  30  11  12  84  43
[4201]  30  38  35 100  66  22   1  96  64  23  78  41  16  85  22  12  69  11  93  97  10
[4222]  77  80  83  83  15   1  13  32  93  14  99  80  67  16  24  71  35  92  29  81  14
[4243]  91  80  66  93  49  41  29  41  13  34  64  23  31  76  94  44  20  35  34  69  32
[4264]  45  20  37  30  90  33  27  51  21  21  27  59  79  32  67  20  28  27  84  42  13
[4285]  31  52  60  94  88  22  59  90  99   2  13  64   4  18  87  64  99  39  82   7   7
[4306]  14  22  88  94  82  31  88  54  49  55  17  87  87  78  75  67   8  17   5  49  16
[4327]  31  54  40   7  34  39  77  43  79  66  22  67   6  36  99  42  58  49  11  88  79
[4348]   5  89  31  94  39  99  55  16  40  34  97  13  82  91  17  26  89  68  77  57  59
[4369]  53  93  56  41  84  92  73   1  23   8  78  73  11  76  21  22  56  66  50  87  28
[4390]  10  54  72   5  28  85  38  54  24  26  42 100  57  97  29  89  46  87  68  16  88
[4411]  46  25  16  34  58  68  82  99  69  78  40  10  49  38  37  90  11  89  51  14  26
[4432]  30  99  72  50  76  54  88  57  98  13  57  30  73  77   7  33  96  24  44  37  68
[4453]  78  47  55  36   2  32  46  75  98  18  24  81  93  37  43  72  49   5  97  16  87
[4474]  57  55  73  38   2  45  68  95  85  77  91   6  50  82  81  10  47  72  97  13  12
[4495]  39  33   8  32  61  38  64  79   3  68  65  21  88  24  79   3  90  61  52  14  30
[4516]  65  60  52  16  56  77  61  76  93  26   3  39   4  99   8   4  56  16  74  82  91
[4537]  46  79  39  90  31  22  82  23  20  60  78  52  40  24  85  21  84  44  32  65  99
[4558]  34  91  36  58  46  37  20  72  83  56  39  98  42  73  53  24   9  53   9  56  10
[4579]   3  17  78  74  47  24  99  17   7  90  12  92  79  34  30  95  82  71  15  67  78
[4600]   6  47  29  15  90  10  10  80  59  49  69  11  45 100  46  84  97  73  18  19  41
[4621]  72  35  55  43  89  90  77  36  85  26  89  27   2 100  27  72   7  88  48  30  36
[4642]  99  84  25  31  30  57  67  37  49  58  73  46  66  79 100  22  11  79  13  81  73
[4663]  96  22   9  99  79  34  98  25  88  11  81   9  59  86  52  96  66  19  84  62  57
[4684]  12  63  57  59  40  90  66  25  97  85  55   4  28  39  19  28  99   1  44  81  96
[4705]  39  41  42  15   1  89  26  84  83  86  97   2  30  41  84  53  15  99  81  57  45
[4726]   5  25  16   1  96  93   4   3  59  78  15  55  85  34  29   8  49  27  58  38  94
[4747]   2   6  39   6  76  62  89  52  45  23  90  97  80  49  60  75  72  12  77  11  25
[4768]  72  94  41  45  54  84   9  59  85  82  87  99  64  74  52  30  64  27  78  20  57
[4789]  81  67  82  30  18  12  99  61  35   3   3  50  55  13  34  13   8  14   5  36  95
[4810]  62  67  92   1  13  39  73  70  21  91  56  18  46  69  65  43  20  53 100  73  48
[4831]  80  28  37  29  90  20  55  54  84  22  66  75   2  94  52  17  61  14  33  47  80
[4852]  27  10  39  29 100  90  36  84  47  41  26  96  69  50  51  56  21  98  29  26  47
[4873]   9  62  25  28  44  48  93  85  15   7  80  45   8  51  84  91  66  66  18  96  11
[4894]  68  26  95  78  32   8   9  19  35  84  24  27  65  23  74  85  58  90  77  28  72
[4915]  75  85  87  81  89  40  89  28  11  98  76  86  93  24  56 100  87  55  94  39  61
[4936]  22  20  80  34   6  59  63 100  25  62  19  77  91  95  35  33  89 100  62  22  57
[4957]   4  74  37   7   4  82  25  51  62  68  80  25  63  58  89  62 100  78  76  66  93
[4978]  24  75  81  12   5  63  76  44  34  10  76   3  26  20  94  58  17  57   3  21  98
[4999]  43  59
