Parameters for simulation. Weather from davis data. 
 Run type = standard
traits = day
best.precip has value 10.000000 
best.temp has value 10.000000 
duration has value 10.000000 
N has value 10.000000 
numYears has value 10.000000 
runType has value 10.000000 
 sds= 
$day
[1] 3.65

$temp
[1] 0.45

$precip
[1] 1

$cutemp
[1] 90

$cuprecip
[1] 6

$daysq
[1] 1332.25

$tempsq
[1] 19.7136

$precipsq
[1] 100

$cutempsq
[1] 2500

$cuprecipsq
[1] 200


 mutrate=
$day
[1] 0.01

$temp
[1] 0

$precip
[1] 0

$cutemp
[1] 0

$cuprecip
[1] 0

$daysq
[1] 0

$tempsq
[1] 0

$precipsq
[1] 0

$cutempsq
[1] 0

$cuprecipsq
[1] 0


 start=
$day
[1]   1 365

$temp
[1] 0

$precip
[1] 0

$cutemp
[1] 0

$cuprecip
[1] 0

$daysq
[1] 0

$tempsq
[1] 0

$precipsq
[1] 0

$cutempsq
[1] 0

$cuprecipsq
[1] 0


 years.index=
   [1]  25  98  95  38   3  43  31  78  23  75  49  21  82  31  99  50  55  13  38   9  99
  [22]  84  90  62  82  51  49  94  93  40  83  50  89  65  30  36  26  20   9  57   7  87
  [43]   1   4  41  74  40  25  79  66   5  29  96  13  33  15  66  28  48  95 100  62  26
  [64]  99  84  64  63  68  38  97  89  66  28   3  55  92  87  42  88   1  18  48  18   4
  [85]   7  35  88  57  45  21   4  21  31  28  80  59  64  19  54  22   9  39  40  31  44
 [106]  34  25  75   4  92  94  37  65  30  54  42  18  61  42   4  31  70 100   4   5  42
 [127]  18 100  17  40  36  78  81  10  41  68  43  44   4  14  91   7  47  98  58  69   4
 [148]  63  24  90  57  22  40  99   1  91  57   4  12  88  79  62   7   9  70  55  75   1
 [169]  19  71  62  30   3  14  63 100  63  89  55  22  97  90  92  49  53  38  87  74  96
 [190]  18  48  49   1  76  17  48  64  19  50  89  19  71  72  67  55  13  27  93  48  18
 [211]  24  64  88   3  25  42  97  78  51  44 100  40  51  18  78  59  98  98 100   5  46
 [232]  95  96  18  16  65 100  56  63  83  59  50  87  61  62   8  39  48  93  96  28   6
 [253]  22  84  12  38  48  87  81  55  16  24  85  85  40  92  20  49  39  61  31  73  42
 [274]  93  22  97  62  81  69  77  10   1  58  27  12  67  67  11  75  16  61  26  87  29
 [295]  14  44  10   5  90  10  19  59  70  55  28  44  12  17  10  92  19  95  59  96 100
 [316]  38  29  91  57  18   2  28  87  30  64   7  68  47  87  90  95   6  66  29   3  44
 [337]  97  94  69 100  18  71  12  51  21  74  31  51  92  71  18  68   8  65  71   9  27
 [358]  21  45  87 100  84   9  30  48  42  17  69  77  63  30  85   5  65 100  40  12  39
 [379]  51  11   5  45  46  48  43  46  97  86  35  64  45  53  77  65  56  13  62  45  54
 [400]  28   3  58  31  94  25  90  94  58  80  12  35  36  58  30  63  99  80  75  65  32
 [421]  89  17  18  86  52   5  22  43  83  62  76   5  81  44  24  74  34   6  53  59  39
 [442]  57  47  80  95  37  30  69  41  88  94  51  96  59   2  40  54  47  70  52  92  58
 [463]  97  91  20  24  79  38  13   3  99   1  94  88  67  57  28  48  42  79  93  69   6
 [484]  65  15  73  97  55  61  86  24  37  20  55  54  97  81  22  92  93  30  67  57  86
 [505]  73  20  87  95   4  70  47  14  68  98  80  73  12  54  95   7  44  89  61  70   1
 [526]   6  11  83  55  71  44  70 100  46  80  21  36  61  15  35  63  94  95  58  21  62
 [547]  67  14  64  91  12  68  73  31  52  64  44   1  38  77  21  34  62  94  82  94  68
 [568]  51  28  71  58  89  19  97  47   5  95  12  48  49  66  41  69  15  14  18  35   4
 [589]  59  90  80   3  48  57   9  73  93  67  15  40  26  38  30  79  90  17  79  35  35
 [610]  11  40  84  63  79  38  65  70  50  42  53  94  10  17  34  85  87  47  39  24  12
 [631]  42  93  67  37  33  13  36  38  97  82  86   1  39  22  27  69  15   5  84  87  69
 [652]  31  93  62  39   7  48  63  81  73  99  13  65  27  50   6  31  59  75  43  87  79
 [673]  66  78  24  70  50  91  12  35  38  92   8  35  14  17   9  33  38  92  15  36  85
 [694]  49   2  31   6  20  32  62  56  94  20   2  64  54  79  35  73  43  19  77  70  82
 [715]  78  29  56  92  78  35  99  93  15  56  96  71  56  87  67  86  96  86  33  87  43
 [736]  59  89  83  74  87  54  38  22   9  31  54  37  25  46  81  54  11  33  68  87  32
 [757]  16  86  55  10  84  35  89  42  35  89   7 100  47  88  54  33  99  35  75 100  49
 [778]  37  66  21   8  48  29  63  71  20  46  77  56  44  11   5  90  88   9  60   7  80
 [799]   9  48   6  42  29  18  33  20  29  93  13  88  57   1  81  43  78   6  60  74  32
 [820]   6  73  58  33  39  66  81  92  71  70   8  69  20  90  28  81  85  35  24  47  54
 [841]  88  61  38  19  11  54  67  69  10  60   1  82  53  29  30  60  82  19  93  83  58
 [862]  21  88  21  16  87  65  20  13  34  40  42  29   5  16  35  54  13  64  88  60  89
 [883]  27  16  97  43  62   8  92  80   9  47  84   2  60  48  30  98  75  15  82   3   5
 [904]  63  45  57  93  67  25  61  11  27  36  21  15  55  30  85  55  67  83  74  74  65
 [925]  85  49   9  76  45  38  47  87  72  69   4  11  47  78   2  42  65  74  72  70  55
 [946]  94  86   5  13  91  34  72  57  74  31  36  13  88  35  79  23  40  48  90  89  98
 [967]   2  53  85  57   3  54  86  81 100  70  67  46  94  11   8  77  44  24  80  17  59
 [988]  66   6  14  62  85  83  23  93   1  96  18  87  86  93 100  40  59  64  92   1  63
[1009]  19  13  87   5  16  77  38  48   4  96  72  24  92  69  44  52  44  74  87  61  91
[1030]  75  62  56  59  11  80  74  69  18  95  85  98  91   9  89  96  27  99  63  24  65
[1051]  93  14  85  78   1  21  30  66  60   2  48  46  96  54  86  51  57  59  73  45  54
[1072]  79  92  59  38  38  73  37  35  86  14  93  82  25  71  88   7  90  62  11  66  55
[1093]  78   3  99  32  25  82   2  49  83  76   6  17  95  89  23   7  14  17  53  50  11
[1114]  60  97  31   8  42  71 100  70  82  80  92   7  88  66  72  67  97  41   9  85   2
[1135]  33  42  61   6 100  49  56  66  40  62  24  56   3  75  46  55   4  76   5  74  82
[1156]  17  47  52  42  15  31  78  39  75  70  41  43   2  45  24  11  29  55  84  63  94
[1177]   2  60  61  45  87  49  24  84  80   5  21  79  10  39  80  95  69  23  38  65   8
[1198]  46  11  37  46  38  35  65  60  26  93  59  34  85  74  50  16  65  22  28  33  37
[1219]  11  19  52  89  88  79  19  53  56  69  19  10  90   5  82  67  72  24  58  39  90
[1240]  47  54  49  75  68   2  85  34  74  25  78  42  96  55  51  99  11  34  73  61  66
[1261]  47   2  24  51   4   1  41  39  15  86  13  16   7   5  95  62  31  38  39  62  49
[1282]  81  48   1  70  17   9  82   1  26  17  88  87  26  53  56  36  61  50  49  57  77
[1303]  61  43  70  40  99  39  30  91  58  40  11  64  93  38  75  57   3  80  39  50  62
[1324]  68  23  69  36  25  93  59  29  36  26  63  23  66  11  43  80  20  20  41  28  41
[1345]  25  69   3  33  23  58  39  51  19  41  83   4  60  79   1  21  72  89  92  97  37
[1366]  44  83  64  52  38  72  12  20  36  55   7  36  56   5  68  70  20  99  69  95   5
[1387]  23  32  85  52  89   6  99  26  80  49  82   5  31  21  24  52  11   1   6  13  92
[1408]  99  28  90   6  27  99  27   9  40   9  86  44   4  47  87  84  79  96   1  85  56
[1429] 100  41  97  76   5  80  86  90  23  90  91  67   5  29  19   8  52  92  97  21  22
[1450]  89  89  42  10   1  13  40   4  48  42  55  55  56  48  44  93  41  19  25  17  71
[1471]  23  61  38  93  84 100  77  17  33   6  13  99  50  29  76  24  55  28  99  65  69
[1492]  29  45  26  70  92  80  94  81  16  71  28  14  78  64  12  45  99  24  27  53  30
[1513]  53  35  83  74  40 100  96   3  46  37  41   3  73  84  77  78  32   1  61  70  12
[1534]  51  27   7  13  22  14  76  36   4  40 100  47  23  76  81   5  12  50  23  26  86
[1555]  92  52   5  66  35   3  82  16  36  26  11  23  40   3  76  90   9  90  87   7  48
[1576]  54  35   4   7  24  30  98  47  73  48  29   1   6  20  38  81  34  90  92   8   5
[1597]  65   3  52  59  74  98  40  83  13  86  34  43   1  58  58  10  11   1  63  54  65
[1618]  69  12  50 100  58  21  67  99  17  34   4  72  70  37  27  46  58  41  45  60  17
[1639]  20  99  65  20  89  87  88  70  36  66  10  42  85  54  79  52  72  84  97  41 100
[1660]  68  97  88   8  32  88  60  37  57  86  30  46  70  30   8  13  11  24  62  97  43
[1681]  52  65   1   9   8  48  26  57  70  90  18  55  78   2  50   7  69  25  25  94  80
[1702] 100  31  57  74  15  38  17  10   9  94  58  70   3  40  65  33  59  95  62  50  66
[1723]  61   8  96  31  23   2   3  62  30   5  93  44  18  78  31  82  26  33   4 100  84
[1744]  27  19  53  24  26  70  81  62  92  91  92   7  36  53  58   2  99  36  96  43  79
[1765]  77  26  40  46  36  24  87  69  34  63  33  18  25  87  71  92  11  31  26  14  16
[1786]  63  14  82  77  13  56  63  23  78  82   6  97  29  68  37  52   1  31  85  30  70
[1807]  79  23  98   4  23  44  45  34  70  57  70  95  49  39  31  77  71  30  84  41   7
[1828]  94  28  64  70  22  61  81  57  90   8  98  32  96  98  58  44  71  71  84  77  21
[1849]  34  71  59  67  75  34  19  81  91  77  62  10  72  73  23  48  37  61  62  83  78
[1870]   3  14  60  76   7   3  96  27  64  49  92  93  55  47  33  36  83  10  90   4   9
[1891]  44  79  11  48  64  34  15  87  95  25  46  72  33  33  98  10   8  41  89   1  14
[1912]  16  18  12  71  59  66   1  53  69  68  48  89  34  99  81  34  88  41  61  36  52
[1933]  50  16  68   9  63   8  63  12  81  59  22   2  94   5  89  31  95  64   5   8  64
[1954]  12  74  30   9  88  69  88  68  21   3  15  49   5  93  96  25  32  91  97  44  34
[1975]  98  29  63  14  14  43  28  32  44  94  59  87  10  50  90  49  42  60   4  37   9
[1996]  95   1  49  78  94  25  54  73   4  92  98  29  72  12  51  83  86  95  14  33  83
[2017]  14  56  56  25  32  45  44  55   5  81  76  90  71  72  44  16  40  32   4  87  94
[2038]  43  44  87  23  96  92  61  33  32  38  61  69  26  92  62  88  49  12  84  92  42
[2059]  44  78  24 100  40  50  76  61  40  41  87  54  12  20  29  81   4  37 100  33  57
[2080]  66  23 100  79  34  82   5  76  45   2  84  55  24  76  67  66  96  66  73   3  59
[2101]  78  30  33  89  16  39  52   2  95  84  29  30  35  74  99  43  36  32   6  60  93
[2122]  37  84  85 100  45  65  44   9  35  53  33  44  95   3  48  28  63  20  84  21  18
[2143]  20  75  38  37   4 100  70  46  65  84  93  59   5  10  10  63  90   8   1   4  77
[2164]  50  77 100  84  42  25   1   8  59  35  10  84  20  23  91  25  32  49  22  99  61
[2185]  75  81  99  75  26  97  36  21  46  79  66  52  64  35  60  93  67  80  27  75   8
[2206]  56  23  62   5  86  22  72  46   1  26  64  89  14  81  42  56  55  10  73  51  77
[2227]  83  75  58  98   1  91  30  53  84  28  19  23  64  95  95  87  45   2  72  83  84
[2248]  12  60  51  91  33  54  49  36  72  60  51  83  47  66  22  93  91  86  69  43  25
[2269]  92  69  90  27  93   4  89  33  17  78  75  61  31  87  81  66  45  52  19   7  19
[2290]  62  50  10  23  55  88  54  80  59  80  12  83  16  50  15  50  33  78  11  23  25
[2311]  96  40  36   6  13  47   2  81  97  80  65  70  59  26  29  89  55  44   6  69  71
[2332]  55  24  80  86  37  55  17  11  46  17  97   2  50  66  59   7  40  51  34  84  73
[2353]   1 100  78  61  48  83  10  79  68  82   8  87  20  69  88  22  41  57  86  99  33
[2374]  65  20  80  30  95  75  64  32  16  73  96  51  55  24  57  22  17  77  97  33  14
[2395]   2  46  66  29  53  18  97  91   6   6   8  16  52  28  68  93   6  25   1  62  96
[2416]  89  61  11  58  87  41  44  92  71  99  25  32  81  83  87  39  77  51  27  73  52
[2437]  44  77  49  21  90  70  60  62   7  72  31  50  75  19  20  46  81  81  78  80  74
[2458] 100  46  11  17  36  10  50  75  47  67   7  59  90  31  11  66  19  33  86  48  94
[2479]  82  54  32  87  16  89  77  41  82  23  59  74  70  96  33  47  66  20  53  96  41
[2500]  26  89  44  77   6  56   9  35  93  45  82  25  17  11  34  35  59  30   1  61  90
[2521]  33  62  67  10  36   7  37  21  79  82  21   2  84  63  41  51   9  91  26  14  28
[2542]  55  86  51  23  18  47  90   2  98  42  76  93  98  76  69  47  15  34  13  15  81
[2563]   1  79  48  90  20   2  71  25  60  61  67  12  17  77  19  78  59  20  76  83  71
[2584]  78  86  74  63  11  17  74  56  36  98  69  51  22   4  90  24  78  77  97  21  84
[2605]  72  80  89  34  85  41  92  22  19  60  49  44  80  18  89  42  71  60  50  15  78
[2626]  11  72  82  29   6  28  16  10  93  16  44  46  14   8  25  14 100 100  52  53  76
[2647]  12  19  42   8  71  45  98  66  45  43   6  90  18  87  86  21   8  80  96  99  14
[2668]   4  44  95  69  13  56  93   8  55  47   4  58  72  66  19  54  82  86  21  48  54
[2689]   7  54  47  69  99  12  28  93  29  94  92  30  49  87  38  88  81  86  20  58  38
[2710]   2  44  45  17  91  96  11  76  58  54  53  19  53  66  89  57  94  59  38  98  40
[2731]  16  47  98  77  96  84  18  42  27   9  23  55  47  14  83  63  92  83   6  30  78
[2752]  12  90  58  38  69  10  78  54  78   9  79  39  87  33  63  95  26  48  85  98  21
[2773]  98  97  87  98  37  50   7  82  74  61   6   6  65  61  30  35  91  47  35  27  44
[2794]   3  88  71  49  91  40  86  95  62  78  59  70  89  25  74  73  39  42  48  83  28
[2815]  27  34  88  88  11  59  70  81   8   6  71  35  70  64  98  96  65  82  94  35  62
[2836]  37  23  63  23  33   3  45  97  44  80  82  26  44  71  68  80  36  11  24  95  33
[2857]  52  16  41  73 100  93  44   7  76  26  64  81  21  61  90  59  95  37  57  81  29
[2878]  48  19  14  70  85  31  36  29   3  86  51  33  67  18  61  17  81  31  50   3  44
[2899]  29  28  63  18  93  69   9  17  91  10  29  32  81 100  92  10  55  56   9  64  51
[2920]  43  98  32  56  25  47  11  99  76  61  46  19  56  88  66  49  54  52  80  54  38
[2941]  58  88  92  77  95  49  51  82  67  16  42  37  80  13  80  23  77   9  14  76  77
[2962]  13  73  74  34  18  58  51  25  35  14  33  90  52  99  10  21  82  74  71  71  68
[2983]  68   4  32  16  57  16   5  79  61  19  34  77  55  39  61  34  57  69  80 100  65
[3004]  79  70  43  80   4  64  46  62  18  95  27  24  72  84  52  96  30  14  69  84  20
[3025]  71  39   5  70  57  67  47  85  69  91  64 100  70  12  74  78  37  29  99  75  23
[3046]  70  93  75  94  42  58  40   4  92  78  53  87  99  82  18  69  79  63  81  79  26
[3067]  85 100  94   7  99  18  67  19  90  38  27  30  40  50  58  11  97   7  86  71   2
[3088]  46  79  10  71   4  16  45  82  82  24  40  55  33  37  39   2  39  47  78  47  97
[3109]  62   8  26  20  61  48  41  48  17  21   4  22  72  45  69  50  50  17  42  79  94
[3130]  69  83  97  96  47  49  62  30   1  86  42  78  78   3  68  66  91  67  98  15  67
[3151]  56  57  92  25   8   3  94  55  44  90   9  43   8  26  55  28  15  85  24  94  29
[3172]  60  81  75  29  34  64  53  48  80   4  86  91  93  29   4  95  94  73  49  36  85
[3193]  54  35  20   3  55  57  21  36   1  65  45   8  59  24  16  49  15  26  13   3  52
[3214]  58  96  60  84  74  52  28  72  99  76  50  81  24   7  24  59  19  58  62  46  70
[3235]  30   2  48  30  93  75  74  97  55   4  71  74  16  31  68  64  74  21  12  50  29
[3256]  36  76  68  94  53  15  66   7  62  26  67  99  18  70  31   2  79  33  65  52  84
[3277]  10  27  50  47  63  64  53  15  38  81  18  64  92  20  92  79  45  83  83  43  72
[3298]   4  13  62  53  79  36  63  27  37  92  37  29  87   5  50  77   2  88  69  34  77
[3319]  39   6 100  42  47  13  32  95  71  93  46  32   6  67  43  23  65  94  44  80  69
[3340]  49   4  35  48  30   4  65   2  96 100  85   8  35  54   4  26  94  49  76  40  56
[3361]  94  41  36  28  50  22   4  74  61  51  21  19  21  50  87  32   3  77  92  63  76
[3382]  24  77  35   8 100  87  39   5  36  40  53  78  38   5  34  99  23  20  33  94  82
[3403]  75  35  60  25  21  21   1  76  36  15  49   2  11   7  90  45  86  96  61  12  90
[3424]   3  90   1  65  90  52  65  37  67  37  44  52  61  24  55  56  44  68  63  41  50
[3445]  86  48  27  51  57  47  31  45  42  72  67  29  97  82   6  81  60  99  73  97  13
[3466]  90  39  23  56  82  20   2  78  90  82  34  61  15  50  84  80  57  65  78  34  83
[3487]  77  52  92  87  24   8  84  28  24  31  74  88  83  31  37  56  46  82  22  59  84
[3508]  25  36  93  28  40   6  97  37   8  93  52   1  77  40  39   4  43  91   6  91  82
[3529]  63  98  31  30  47 100  27  80  29  68  75  53  85  65  98   2  37  94  44  95 100
[3550]  52  75  49  16   3 100  73  60  62  89  50  14  22  50  65  83  52  45  70  34  38
[3571]  43  53  20  56  50  16  74  73  35  58   8  18  82  66  70  13  54  85  89  74   7
[3592]   3   5  12  15  33  37  48  30  60   5  80  98   2  21  48  98  13  86  16  87  73
[3613]  47  25  75  62  12  11   4  76  94  98  64  14  76  12  29  53  25  68  96  17  90
[3634]  79  25  43  56  41  94  51  94  95  73  99  64  46  57  70  48   1  13  93  25  52
[3655]   9  54  21  14  31  72  29  24  88  16  19  46  24  77  78  13  17  84  86 100  56
[3676]  87  64  14  27  43  17  13  21  98  31  78  73  72  47  69  85  82  41   8   7  46
[3697]   1   5  76  43  48  53  58  33  82  92  17  18  15   2  80   2  35  79   4  15  46
[3718]  85  61  22   8  11  13  32  77  73  49   4  93  15  76  61  86  17  53  80  82  10
[3739]   2  16  24  96  66  72  10  47   1  44  62  17  30  12   2  37  45  90  24  63  42
[3760]  39  81  91  25   3   3  71   9  99  81  67  41  43  69  96  11  51   7  90  46  45
[3781]  83  80  94  92  17  23  76   3  52  65  75  63  11  29  74  31  44  78  29  76   7
[3802]  93  82  66   6  31  86  38  55  38 100  53  54  39  77  31  49  90  57   7  46   1
[3823]  85  41   7  18  97  13  61  94  95  25   8  95  61  58  76  31  19  19  58  33  45
[3844]  26  29  59  94  66  22  18  40  49  58  15  72   4  73  73  39  69  82  84  75  15
[3865]  48   4  28  41  55  10  69   4  67  32  52   1  65  53  72  28  88   9  29  34  47
[3886]   8  67  82  66   7  61  28  25  81  47  83  82  41  84  69  91  88  61  60  22  94
[3907]  61  19  91  39  93  16  27  70  39  55  87  21  84  79  73  72  59  83  55  76  55
[3928]  26  79  45  76  16  56  86  80   3  73  26  53  67  69   5  37   8  49  39 100  56
[3949]  91  18  82  48  99   1  87  24   8  16  72  33  35   8  18  16  80  55  76  51  95
[3970]  65  43  50  49  71  48  18  61  88  90  79  39  42  50  51  23  90  36  21  68  84
[3991]  32  90  60   6  84  84  32  50  43  38  54   4  98  75  31  79  35  53   8  12  64
[4012]  37  45  66  98  53  78  17   5  24  31  55   2  22  19  63  55  52  50  34  25  73
[4033]  29  36  58  63  83  97  38   6  79  82  35   7  34  44  67  20  71  33  34  27  38
[4054]  93  16  30  79  92  48  62  36  56   1  67  64  91  69   5  59  63  83  81  95  49
[4075]  80  98  57  60  68  63  39  96   7  37  85  14  88  89  63  69  38  45   4  99  43
[4096]  11  32  30  96  76  82  58  29  89  82   6  75  78  37  90  70  84  19  51  54  23
[4117]   3  69  40   7  30  10  54  17  73  66  55  79  27  90  49  78  20  57  49  37  98
[4138]  13  18  58  39  12  75 100  78  29  44  18  47  70  35  47  48  11  28  99  13  22
[4159]  25  31  81  36  17  70  58  49  23  87   4  23  15  13  20  13  12  13  44  92  46
[4180]   9  38  20  71  68  52  27  41  64  53  17  52  52  76   4  29  65  86  65  99   6
[4201]  28   3   6  95  86  62  67   7  15  83  36   6  99  38  80  40  89  39  95  40  22
[4222]  46  11  65  52  22  62  81  46  74   6  89  84  13  24  36  65  92  51  39  64  80
[4243]  27  89  51  52  60  95  51  86  49  97  72  45  87  91  72  66  69  37  15  86  73
[4264]   4  60  29  24  32  94  20  28   5  98   9  11  14  41  70  31  63   3  22  37   2
[4285]  87   1  37  53   7  14  23  47  49  61  75  51  79  76  11  37  52  25  23  38  91
[4306]  62  28  72  63  78  97  23  95  46  66  49  36  36  68  14  81  10  62  94  19  32
[4327]  88  63  57  95  60  91  50  43  70  89  42  10  14  34  59  12 100  36  41  56  29
[4348]  94  23  10  24   2  77  97  68  96   2  61   6  69  32  44  88  43  19  22  77  59
[4369]   8  40  41  44  83  68  16  62  29  61  42  32  54   4  43  24  63  47  23   9  49
[4390]  56  58  44  77  17  93  19  80  65  29  57  49  60  83  29  36  97  43  14  73  96
[4411]  94  12  31   5  98  28   3  78  75  25  94  70  38  83  14  48  92  13  56  68  91
[4432]  24  47  12  65  94  87  29  52  80  87  65  81  85  75  35  61  41  73  66  70  35
[4453]  26  16  67  41  43   4  76  17  93  39  54  92  10  86  91  70  91  67  80  80  16
[4474]  11  41  30  54  70  29  34  71  53  17  12  12  69  43  88  18  93  76  37  86  78
[4495]  29  65  68  64  85  77   5  12  55  87  59  16  99  76  45  60  31  95  86  49  87
[4516]  40  13  73  38  31  64  23  52  35  19  62  56  93  26  59  66  85  56  20  83  58
[4537]  17  25  44  26  75  23  19  12   9  89  68  20  86  78  35  84  14  78  44  85  85
[4558]  55  74 100  41   7  46  65  58  48  85  88  57   2  12  64  47  97  24  29  65  27
[4579]  57 100 100  80  84  48  32  65  53  74  21  90  65  50  21  12  54  37  23  41  57
[4600]  94   7  70  50  25  14  39  49  42  32  67  92  56  24  50  62 100  77  44  95  82
[4621]  17  79  82  78  82  21  35  83  89  65 100  27  69  56  13   3  79 100  18   1  36
[4642]  46  35  39  56   5   8  64  83  75  87  85   3  65  14  12  80  44  78  58  12  71
[4663]   9  64  29  45  87  43  42  34  33  16  17  44  83  86  17   8  97  81  40  49   7
[4684]  49  24  39  96  36  97  76  35  93  57  40  74  44  31  95  73   8  62  71  74  92
[4705]  68  22  51  52  91  32  69  69  66  90  90  64  64  35  66  84  17  40  90   4  14
[4726]  51  96  38  65  60  42  52  40  50  18  13  52   2  28  39  11  63  42  79   5   8
[4747]  48  60  49  22  50  77  72  14  67  76  60  56  52  88  41  78  26  42  35  38  96
[4768]  38   5  52  47  44  96  80  74  16  22  90  86  64  25  98  41  18  10   9  50  10
[4789]  68  34  91  75  52  19  29  51  80  17  71  73  91  26  38  50  19  18   6   1  79
[4810]  78  59  67  64   7  88  91  11  68  36  15  47  53  83  80  92  69  72  32  52  69
[4831]  77  12  83  63  25  23  40  12  72  97  16  16  94  21   3  26  36  33  77   7  23
[4852]  97  96  64  39  18  81  57  16  93  40  93  23   8  68  45  72  46  13   5  47  63
[4873]  38  41  16   1  16   6  90   7  38  46   1  60  56  61  87  15  10  74   5   8  30
[4894]  35  15   1   6  79  27  63  30  34  92  38   3  78  69   8  70  24  81  68   9  54
[4915]  37  64  58  40  81  28  69  97  35  79  29  49  93   6  52  32  30  96  41  59  19
[4936]  97  34  10  99  66  61  17  73  79  36  58  68   9  31  96  22  28  65  84  74  52
[4957]   4   6  51  45  39  55  45  63  15  74  94  52  27  97  85  15  15  41  12  23  55
[4978]  37  79  43  47  23  36  20  86  94  94  20  74  95  72  61  15  80  54  84  35  11
[4999]  89  52
