Parameters for simulation. Weather from davis data. 
 Run type = standard
traits = day temp precip
best.precip has value 10.000000 
best.temp has value 10.000000 
duration has value 10.000000 
N has value 10.000000 
numYears has value 10.000000 
runType has value 10.000000 
 sds= 
$day
[1] 1.825

$temp
[1] 0.225

$precip
[1] 0.5

$cutemp
[1] 45

$cuprecip
[1] 3

$daysq
[1] 666.125

$tempsq
[1] 9.8568

$precipsq
[1] 50

$cutempsq
[1] 1250

$cuprecipsq
[1] 100


 mutrate=
$day
[1] 1

$temp
[1] 1

$precip
[1] 1

$cutemp
[1] 0

$cuprecip
[1] 0

$daysq
[1] 0

$tempsq
[1] 0

$precipsq
[1] 0

$cutempsq
[1] 0

$cuprecipsq
[1] 0


 start=
$day
[1]    1 1095

$temp
[1]   5 135

$precip
[1] 1e-02 3e+02

$cutemp
[1] 0

$cuprecip
[1] 0

$daysq
[1] 0

$tempsq
[1] 0

$precipsq
[1] 0

$cutempsq
[1] 0

$cuprecipsq
[1] 0


 years.index=
   [1]  92   6  81  14 101  50  71  17  31  39  12  27  73  49  74  64  98  18  24  59
  [21]  24  68  78  61   4  83  46  19   2  82   4  87  68  69  66  65  84  66  51  35
  [41]   7  39  43  52   4  48  31  26   1   7  76  71  53  51  90  37  26  71  87  57
  [61]  55  17  62  12  94  10  69  83  34  42  40  77  63  21  78  65  26  90  34   6
  [81]  58  71  86  87  81  42  54  55  92  29  23  62 101   5 100  12  31  76  92  39
 [101]  24   6  25  64  30  95  73  13  76  22 100  71  48  70  44  95  35  95  83  34
 [121]  71  97  23  71  35   1  68  64  76  91  72  18  32  16  95  63  34  80  49  93
 [141]  54   7  68   2 100  95  26  77  35  17   6  70  67  80  33  30  94  59  67  91
 [161]  86  90  40  22  66  14   6  85   2  63  29  25   2  61  59  74  23  63  56  65
 [181]  60  31   8  41  66  53  49  56   1  84  63  72   9 100  71   4  61  21  24  32
 [201]  33  28  33  79  23  83  36  85   7  75  10  74  34  41  20  45  65   8  53  29
 [221]  81  45  36  97  95  85  72  36  92  84  29  26  77  98  85 100  46  71   2  60
 [241]  96  82  10  28  70  17  24  85  25  58  97  92  55  67  42  12  98  23  29  16
 [261]  42  68  21  74  26  53  51  56  58  81  16  53  24  52   6  18   3  93  68  33
 [281]  83  90  42  20  83  45  78  73  81  49  82  39  86  70  92  87  10  46  54  56
 [301]  63  90  69  64  85  91  98  84  73  80  61  49  66   9   6  96  38  85  99   5
 [321]  55  51  29   5  35  80  97  88  98  44  55  35  40  17  71  88   7  89  87  90
 [341]  74  12  27  59  48  95  39  44  22  57  63   5  41  11  32  81  19  15  85  77
 [361]  95  31  46  36  87   3   8  97  47  21  47 100  26 101  14  25  60  65  48  37
 [381]  90  18  97  12  23  93  99  23  36  50  87   1  42  48  96  35  41  53  19  26
 [401]  56  12  47  74  59  90  41  35  11  69  98  61  75  90  56  24  12  82  45  32
 [421]  57  90  93  32  43   3  82  23   3   4   5  83  99  66  80  34  35  97  27  90
 [441]  66  22  71  41  77  44  61  86  29  38  66  75   7  13  41  64  99  44  89  44
 [461]  43  63  88   2   5  18  11  51  71  82  25  59  79  29  10   5  36  60  42  82
 [481]  30  19   5  98   5  68  37  99 101  72  25  83  86  14  88  46  36  36  48  15
 [501]   1  82  10  94  91  16  36  66  22  54  96  73  99  85  61  17  20   9  81   4
 [521]  75  42  60  72  92  45  46  29  81 100  12  32  79  77  58   4   5  75  78   9
 [541]  89  67  13  28  39  25  44  19  93  24  74  78  96  71  60  90  97  53  69   3
 [561]  12   3  11   8  78  54  71  95   3  62  40  74   7  97  97   3  36  53  37  25
 [581]  78  90  50  11  92  11  37  92  50  25  34  62  36   6  14  22  82  80  58  85
 [601]  55  34  83  26  95  44  88  70  87  69  89  99  59  24   2  66  26  70  92  88
 [621]  31  83  76   2  41  54  33  37   6  78  43  11  88  79   4  78  18  44  43   1
 [641]  88   4  91  38  85  52  10  38  29  59  28  29  49  34  43  37  71  63  27  39
 [661]  28   2  27  80  44  26  84  25  87  65  53  78  77  34  46  46  22  52  61   8
 [681]  90  71  63  85  83  48  70  37   4  35  48   7  68  93  22  43  95  37  64  60
 [701]  21  21  20  96  80  38  19  32  52  60  36  91  70  29  39  42  21  31  15  64
 [721]  44  62  47  38  87  77  17  41 100  11  47  75  78  36  15  87  95  76  68  35
 [741]  82  22   1  84 101  27  67  90  20  76  14  49   4  22  23  38  29  83   4 101
 [761]   6  42  31  52  27   5  64  84  33  36  40  60  83  80  58  45   5  66  82  93
 [781]  15  49  88   7  41  22  60  58   1   6  68  10  83  11  61   7  30  53  17  32
 [801]  70  89  57 101  37   9  66   4  43  24  24   9 101  26  35  36  51  38  52  25
 [821]   8  78  28  49  84  77  88   8  18  59  22  58  57  36  44  72  54  93  55  73
 [841]  77  51  25  96  94  30  66  46  64  41  64  70  16  11  23  40  27   7   8  11
 [861]  74  41  25  72  97  20  55  80  88  69  14  70  30  81  21  82  97  67  42  88
 [881]   4  73  17  82  64   8  54  57  92   9  35  71  44  73  78  62  81   6  59  97
 [901]   9  23  48  65  62   6  15   7  28   2  62  17  14  24  34  34  96  81  38  78
 [921]   4  96  42  16  37  85  85  83  96  16  44  27  23 101  70  13   8  86  37  59
 [941]  65  46  89  14  88  58  93  92  82  22  77  50  48  26  97  11 101  33  24  89
 [961]  54  23  65  80  28  25  52  51  59  90  91  71  52  98  55  87  86  78  25  37
 [981]  35  91   6  90  50  44  35  11  64  97  90  66  53 101  54  41  37  51   5  28
