Parameters for simulation. Weather from davis data. 
 Run type = standard
traits = day temp precip
best.precip has value 10.000000 
best.temp has value 10.000000 
duration has value 10.000000 
N has value 10.000000 
numYears has value 10.000000 
runType has value 10.000000 
 sds= 
$day
[1] 1.825

$temp
[1] 0.225

$precip
[1] 0.5

$cutemp
[1] 45

$cuprecip
[1] 3

$daysq
[1] 666.125

$tempsq
[1] 9.8568

$precipsq
[1] 50

$cutempsq
[1] 1250

$cuprecipsq
[1] 100


 mutrate=
$day
[1] 1

$temp
[1] 1

$precip
[1] 1

$cutemp
[1] 0

$cuprecip
[1] 0

$daysq
[1] 0

$tempsq
[1] 0

$precipsq
[1] 0

$cutempsq
[1] 0

$cuprecipsq
[1] 0


 start=
$day
[1]    1 1095

$temp
[1]   5 135

$precip
[1] 1e-02 3e+02

$cutemp
[1] 0

$cuprecip
[1] 0

$daysq
[1] 0

$tempsq
[1] 0

$precipsq
[1] 0

$cutempsq
[1] 0

$cuprecipsq
[1] 0


 years.index=
   [1]  21  86  48  98  34  75  17  70  41  52  74  60  77  77  39  53  99  47   4  77
  [21]  63  73   6  41  37  15  57  30  79  38  18  23  17  99  72   2  86   6  78  92
  [41]  98  92  18  33  26  81  13  51  22  48  35  49  46  10  16  35  20   4  67  29
  [61]  23  49  92  22   3  61  38  87  93  96  55  48  76  63  93  48  99  16  40  51
  [81]  74  43   7  43  83  72  93  33  66  62  31  92  15  95  14  52  31   2  92  94
 [101]  56  79  68  56  96  66  25  56  22  50  17  87  98  68  84  65  92  10  94  50
 [121]  18   7  81  79  22  74  34  16  28  64  92  17  35   6  18  10  38  87  50  47
 [141]  52  78  14  92   8  68  63  55  68  61  54  78   9  40  65  61  67  42  99  97
 [161]  22  71  53  94  69  62  67  84  45  25  62  86  20  47  34   8  12  98  54  30
 [181]  85  78  24  88  61  41  99  60  16  35  50  60  50  15  35  50  20  82  45   9
 [201]  56  75  70  85  79   4  22  69   8   1  42  64  29  85  45   4  59  31  73  74
 [221]   9  60  21  76  43  24  76  40  35  18  24   4  67  93  21  60  31  46  88  44
 [241]  72  25  39  74  91  41  61  95   4  68  97  40  31  31  12  47  96  71  83  56
 [261]  96  88  42  77  39  78  33   8  44  12  18  58  11  80  13  56  90  30  63  93
 [281]  63   7  31  53  55  36  75  83  90  92  26  15   8  68  50  49  90  71  83  42
 [301]  94  25  75  92  40  57  79  86  74   4  76  64  95  38  78  80  51  98  34  17
 [321]  18  10  58  67  88  58  41  55  69   4 100  48  73  22   7  70  93  28  15  93
 [341]  83  16  34  69   3  63  14  68   9  71  97  82  75   2  34  95  28  63   7   3
 [361]  25  43  27  84  28  69  43  73  44  12  11  13   6  54  59  16  16  56  52  79
 [381] 100  75  89  61  33  80  67  20  67  16  19  66  24  24  32  36  51  90  82   8
 [401]  40  97  16   5   6  30  53  49  35  71  89  89  90  39  15  18  30  42  56  33
 [421]  45   8  84  17   1  77  27   9  45  14  58  21  91  91  77  15   3  69  47  62
 [441]  31  14  14  85  14  72  22  51  18  77  26  64  40  34  35  75  11  34  87  83
 [461]  28  15  53  93  41  55  71  56  92  43  31  80  11  27  20  50  51  17  11  57
 [481]   8 101  60  20  26  68  38  48   8  27  34  51  57  59  40  31  92  45  38   4
 [501]  10   4  46  82  39  44  61  16  34  89  80  16  23  22  30   6  68  86  58  89
 [521]   8  12  32  66  20  20  48  41  31  45  91  55   8  58  97  69  17  92  27  52
 [541]  46   9  65  21  97  66  97  70  84 101  23  53  13 101   4  71  94  37  97  75
 [561]  96  12  30  67  39  82  32  14  39  15  60  62  30  56  71  30  78  11   9  66
 [581]  20  68  71  28   5  80  14  90  62  62  65  19  50  97  26  87  67  81  45   9
 [601]  91  31  10  66  40  95 100  67  62  13  98  36   6  36  54  96  21  55  44  82
 [621]   2  81 101  62  75  51  82   1  33  85  36  38  89  15  73  20  87  50  29  28
 [641]   6  91  92  34  31  72  34  28  42  93  13  16   2  22  52  46  87  14  14  71
 [661]   9  64  93   1  48  68  59  53  96  69  39  11   5  98  60  62  17   8  96  44
 [681]  90  35  96  42  52  15  91   6  30  27  35  96  88  13  34  91  88  58  27  23
 [701]   6  56  98  88  30  14  88  94  76  50  50  78  71  30  41  52  53  94  91  57
 [721]  43  23  39  23  32  92  69  54  57  77  18  92  80  95  96  89  29  27  40  70
 [741]  64  43  66  27  48  13  99  54  75  86  28  54  96  98  73  83  82  52  34  27
 [761]  33  20  68   3  37 101  59  84  48  25  34   8  18   3  62  90  35  31  93  17
 [781]  94  68  69  10  40  57  66  23  64  63  87  62  26  27  50  24  40  12  20  36
 [801]  27  76  88  81  22  94  66  78  30   2  26   9  25  98  32  85   1  55  30  64
 [821]  50  53  23  49  14  19  52  24  93  29  29  31  23  83  49   2  94  13  11  39
 [841]  98  46  43  89  71  19  23   1  35  86  79  93  56  66  74  91  26  31  74  42
 [861] 101  64  51  93  66  87  94  96  56  63  75  98  90  24  21  90  22  15  55  38
 [881]  98  57  62  71  12  51  11  40 100  28  97  72  29   9  26  84  57  30   2  31
 [901]  43  25  75  90   8  46  52  45  98  20  74  70  66  26 100  39  92  80  80  89
 [921]  10  43  25  95  35  81  16  94  46  71  95  59  80  14   8  34  28  36  95  54
 [941]  74  90  35  44  87  15  32  87  65  45  38  13  66  85  17  39  33  34  43  51
 [961]  71  16  82  28  92   6   8  34  82  11  78   6  53  79  79  60  15  53  35  30
 [981]  76  46  44  31  40  40  32  34  74  14  66  75   6  38  92  67  25  28  32  76
