Parameters for simulation. Weather from davis data. 
 Run type = standard
traits = day temp precip
best.precip has value 10.000000 
best.temp has value 10.000000 
duration has value 10.000000 
N has value 10.000000 
numYears has value 10.000000 
runType has value 10.000000 
 sds= 
$day
[1] 3.65

$temp
[1] 0.45

$precip
[1] 1

$cutemp
[1] 90

$cuprecip
[1] 6

$daysq
[1] 1332.25

$tempsq
[1] 19.7136

$precipsq
[1] 100

$cutempsq
[1] 2500

$cuprecipsq
[1] 200


 mutrate=
$day
[1] 0.01

$temp
[1] 0.01

$precip
[1] 0.01

$cutemp
[1] 0

$cuprecip
[1] 0

$daysq
[1] 0

$tempsq
[1] 0

$precipsq
[1] 0

$cutempsq
[1] 0

$cuprecipsq
[1] 0


 start=
$day
[1]    1 1095

$temp
[1]   5 135

$precip
[1] 1e-02 3e+02

$cutemp
[1] 0

$cuprecip
[1] 0

$daysq
[1] 0

$tempsq
[1] 0

$precipsq
[1] 0

$cutempsq
[1] 0

$cuprecipsq
[1] 0


 years.index=
   [1]  30 100   9  26   5 100  79  38  58  28   4  47  48  30  23  61  73  63  90  46  42
  [22]  79  37  86  96  65  38  20  80  72   5  29  86  29  21  24  34  38   6  36  42  44
  [43]  34  57   4   9  40  38  54  48  58  50  87   6  66  67  84  86  47  34  86  27  26
  [64]  41  41  88  21  26 100  60  97  31  29  22  29  41  20  74  73  45  77  28  89  38
  [85]  46  49  50  48  91  81  66  54   7  51  81  82  53  51  71  99  45  66  83  47  56
 [106]  67  98   3  40  65   3  60  96  17  39  25  67  60  11   8  78  34  10  72  48  68
 [127]  88  88  67  29  53   1  36  18  52  17   5   9  57  56  22  27  90  28  82  37  41
 [148]  56  88  87  44  68  52  88  11  53  46  83  44  72  49  15  86  74  18  22  55  11
 [169]  41  95  36  89  11  77  98   2  72   6  74  32  31  20  31  91  62   9  94  35  43
 [190]  13  75  70  42  64   5  54  62  24  79  97  29  71  12  70  84  69  11   4  61  50
 [211]  14  11  71  11  86   9  66  36  16  27  81  63  16  52   6   5  83  62  79   3  40
 [232]  24  71  41  74  24  70  56  75  80  29  15  55   2  10  15  50  59  84  19  15  29
 [253]  71  94  71  96   2  51  24  87 100  95  93  64  69  47  25  75  55  64  92  88  49
 [274]  89  83  74  12  92   6  21 100  52  57  38  66  91  50  73  87  76   9  14  79  34
 [295]  74  91  16   3  16  15  17  65  68  50  60  62  11  66  12  58  82  70   8  63   3
 [316]   7  78   3   2  43  91  23  36  11  82  73  64  66  83  39  63  14  84  89  10   8
 [337]  42  95  60  66  95  51  14  39   8  55   4  14  44  94  85  53  41  32  95  32  20
 [358]  71  84  50  94  63  24  68  59  60  83  21  33   8  60  16  35  17  87  36  83  29
 [379]  16  99  27  36  21   9   7  81  52  40  23  71  16 100  12  49  62   8  40  73  37
 [400]  68  56  59  87  90  37  39  91  26  74  55  95  50  43  78  24  10  98  14  76  78
 [421]  22  46  62  77  52  64  32  90 100  67  18  30  79  27  56  47  69  56  18  41  62
 [442]   7  53  23   7  34  24  64  48  49  42  66  63  56  10  69  13   6  15  59  12  26
 [463]   5  96  56  42  39  35  73  95  65  68  75  87  45  10   7  25  51  24  70  29  88
 [484]  87  76  41  65  33 100  46  95  61  80  69  88  76  18  46  79  72  82  79  37  34
 [505]  95  72  29  47   4  60  24  36  65  39  64  10  94  91  67  74  78  65  66  14  51
 [526]   9  41  23  24  51  61  51  86  17  86  87  76  97  30  12  27  59  23  36  41  12
 [547]  91  91  91  56  12  66  72  93  33  80  86  97   7  17  71  90  91  36   2  11  30
 [568]  83  40  42  15  26  37  44  67  35  95  60  20  61  67  45  16  26  55  30  22  45
 [589]  48  38  44  68  28  76  19  51  92  17  50  19  72  66  55  97  31  50  38  59  26
 [610]  49  26  78  39  76  29  60  89  76  24  89  17 100   8  35  84  16  43   6  56   9
 [631]  63  74  25  77  80  70   4  82  75  99   3  20  91  19  47  37  75  49  47  35  56
 [652]  62  46   2  37  77   4  34  81  17   3  62  27  78  83   3  63  20  94  39  22  65
 [673]  50  65  29  49  23  87  60  26  14  87  94  72  33  85  15  19   1  86   8  61  48
 [694]  82  41  97  53  21  50  43  91  31  48  17  40  58  99  22  56  17  20  94  94  54
 [715]  83  75   9   1  41  75  45  75  75  54  99  42  88  36  91   3  19  69  10  43  61
 [736]  61  22  69  55 100  58  33  93  90  48  65  78  74  52   1  63  47   8  42  74  72
 [757]  16  24 100  55   9  56   2  83  47  18  76  56  86  50  10  11  60  18  90  23  31
 [778]  64  84  12  46  73  22  87  52  47  39  89  65  14  97  61  84  91  61  11  20  49
 [799]  60  88   3  17  42  72  65  53  36  79  38  87  17   9  55  87  24  32  17  97  92
 [820]  33  78   2  33  35  55  57  52  75  90  14  20  32   2  33  37  51  98  68  84  48
 [841]   8  86  49  54   1  17  41  58  22  10  66  40  75  53   5  91  12  39  36  39  52
 [862]  30  45  52   8  87  48  92  63  14  90  84  24  45  72   2  10  43  57  88  28  42
 [883]  37  81   7   2  12  61  93  38  36  82  96  78  81  57  40  93  33  61  41  88  58
 [904]  50  79  79   9  74  56  84  66  32  95  15  55  12  64  92   8  72  82  15  46  12
 [925]  67  10  16  65  87   2  17  78  23  84  87  76  12  10  73  77  22  58  61  25  62
 [946]  70  92  62  61  90  48  33  56  28  52  47  14  24  52   5  91  40  74  37  30  71
 [967]  86 100  29  29  35  12  61  32  26  43  13   1   8  15  53  30  84  94  32  88  44
 [988]  10  77  35  67  32  77  73  98  61  94  41  96  77   9  88  67  49  27  29  77   8
[1009]  29  78  22  31  14  53  39  21  10   1  53  77  12  39  71  51  52  12  21  72  38
[1030]  18  81  17  72  47  44  58  41  95  97  36  70  37  18  94  42  15  52  42  21  89
[1051]  72  24  33  39  22  86   6  80  33   6  97  72  80  94   5  19  89  71  32  42  34
[1072]  51  73  70  95  87  58  19  70  28  74 100  62  44   4  41  31   1   1  48  89  28
[1093]  22  75  11  82   8  82  86  42  68  46   9  81  42   4  95  42  21  42  34  89  42
[1114]  92  63  19  83  33  16  92  38  49  90  85  37  10  98  26  35  63  53  49  63  99
[1135]  37  49  40  55  29  84  58  27  37  14  55  23  39  68  13  58  75  37  65  59  92
[1156]  16  26  19  93   9  26  29  77  77   5  98  92  45  58  60  82  83  79  72  29  19
[1177]  26  94  62  61  72  67  47  75   4  46  45  35  64  27  47  76  54  31  17  28  14
[1198]   7  18  97  31  57  41  63  90  45  65  34   6  97  26  23  90  25  87  50  27  90
[1219]  13  97  69  35  19  71  91   7   5   8  82   1  27  38  46  84  30  77   1  34  34
[1240]  44  78  74  77  73  81  82   2  64   9  32  71  71  67  72  44   1  38  33  49  34
[1261]  67  58  11  13  73  88  23  71  63  25  67   8  80  75  38  60  40  84  34   2   2
[1282]  25   3   8  31  97  31  75  39  39  18  77   1  26  92  73  86   1  13  12  54  86
[1303]  70  31  95  32  15  19  11  57  41  23  19  26  51  60  56  87  60  94  62  86  73
[1324]  75  74  22  62  46  81   6  69  47  69  42  14  13   1  68  55  54  82  29  22  80
[1345]  38  94  87  16   3  51  88  80  91  44  75  34  99  97  95   8  77  36  83  22  70
[1366]  62  44 100  95  87  95  17  77  99  48 100  29  14  81  30   4  82  18  18  38  40
[1387]  88  63   3  69  16  19  36  41  37  11  10  43  50  20  76  44  68  92  32   3  97
[1408]  39  60   9  83  34  28  47  99  25  22  82  61  91   1  68  82  50  95  53  36  43
[1429]   2  30  42  52  78  61  34  74  56  70  64  59  10  93  31  38  41  48   7   7  48
[1450]  15   2  85  75  40  73  94 100  12  83  40  96  55 100  47  97  55  83  28  30  34
[1471]  64  54  53  99  87  40  87  14  35   2  97  10  91  63  18  59  86  68  37  18  86
[1492]  50   6  85  32  15  94  67  64   4  30  94  45  80  40  62  26  56  68  11  21   3
[1513]  91  40  99  52  48  29  96  79  96  84  46  86  49  29  20  91   6  52   1   5  91
[1534]  89  91  79  95  39  81  84  90  93  71  48  71  16  91  70  76  22  41  79  94  80
[1555]  73  56  31  99  52  49  95  53  67   4  36  35   6  49  86  64  32  69  51  59  86
[1576]  57   4  82  17  83  89  15  72   7  19   1  78  87  15   8  30  21  21  52  76  79
[1597]  49  85  39  96   2  45  67  52  20  17   6  91  10  89  22  97  77  29  46  32  98
[1618]  20  49  26  38  44   5  43  53  69  34  17  18  73  98  62 100  56  17  87  18  29
[1639]  77  27  68  72   9   5  28  44  83   8  44  95  35  40  92  42  71  30  69 100  45
[1660]  25  57  69   9  58  72 100  12  48  86  88  31  94  21  17  75  10  75  62  87   5
[1681]  56  11  95  13  58   6  81  29  15  82  43  39  48  78  66  11   9  48  15  19  47
[1702]  50  88  68  91  66  62  65  88  15  38  65  45  42  40  71  70  53  20   6  45  42
[1723]  43   6  47  43   7  43  90  10  71  10  68 100  45  52  19  57  28  55  96  27  48
[1744]  79  51  16   5  33  83  75  93  28  14  93  46  63  62  30  98  35  38  29   3  19
[1765]  21   1  85   8  39  22  83   1  13  81  24  98   9  82  26  19  61  20   8  75  87
[1786]  12   4  54  67  60  47  44  22  67  62  67  87  30   8  37  89  30  99  55 100  38
[1807]  76 100  66  44  92  46  15  28  41  95  11  19  67  59  66  23  84  64  73  39  96
[1828]   9   3  44  17  83  48  67  99  47  65  49  87  18  29  89  99  20  24  51  90  81
[1849]  83  95  51  32  67  49   4  33  36  66  35  97   3  20  74  18  84  52  77  58  15
[1870]  34  47  47  50  11  27  91  54  63  11  18  38  80  30  87  38  66  24   1  75  11
[1891]  32  91  38  37  24  72  33  79  45  59  48  86  82  31  10  93  35  28  53  70  55
[1912]   9  21  11  87  67  59  17  34  63  89  96  40  70  80  58  56  78  93  21  95   4
[1933]  54  12  93  57  79  45  58   7  74  15  19  78  59  38  16  42  17  34  51  34  81
[1954]  16  15  71  45  97  59  14  34  13  11  99  68  62  43  75  75  66  56  47  83  94
[1975]  57  97  13  21  43  99  75  30  28  28  29  50  81  15  42  75  96  89  14  14  22
[1996]   3  35  14  24  33  62  22   7  42  40  38  67  96  20  49  40  15  48  62  68  78
[2017]   8  53  64  14  21  14  54  92   2  79  76  67  10  31  54  92   9  98   6   2  58
[2038]  18  26  86  64  70  19  88  42  49   3  65  45  93   4  56  26  43  55  54  92  78
[2059]   7  96  24 100   5  57 100  15  39   1  27  54  11  46   6  10  99  92  34  44  51
[2080]  28   6  56  18  77  79  20   2  33  53  84  68  48  91  80  55   5   7  91  56  78
[2101]  15  15  14  41  74  79  91  23  46  59  77  52  17  73  11  24  47  73  60  36  47
[2122]  74  83   1  13   5  45  11  17  32  24  89  19  77  35  50  63  46  63  62  21  19
[2143]  32  39  73  61  35  47  83  70  40  70  65  96  22  68  54  12  87  48  54  35  12
[2164]  58  51  52  80  98  82  10  19  52  15  94  33  74  77  11  17  83  14  49  55  95
[2185]  62  22  64  89  80  93  22  57  85  99   8  69  76   2  37  32  52  42  63  68  79
[2206]  13  10   6  98  45  53  13  21  36  30  43 100  10  41  84  73  25  59  78  92  83
[2227]  87  71  12  89  91  73  40   4   2  69  76   4  44   9  99  52  57  79  49  64  30
[2248]  81  12  65  26  25  45  28 100  92   9  95  54  38  26  47  45  64  73  64  55  28
[2269]  48  32  90  65  39  19  61  61  23   1  18  20  49  37  50  80  63  63  91  45  23
[2290]   7   4  90  49  12  27  37  64  17  51  99  74  62  16  47  64  24  34  19  88  97
[2311]  10  43  94  31  79  52  67  75   2  36  28  99  78  33  43  98  76  19   1  98  72
[2332]  29  91  64  85  32  48  19  70  35  25  76  40  63  82  95  49  50  66  69  28  69
[2353]  61  14  37  85  72  40  78  63  78  22  41  52  95  52  61  27  72  57  46  91  65
[2374]  79  35  38  91  56   7  32  44  85  79  97  23  75  68  70  66  47  83  46  92  38
[2395]  66   3  74  25  62  89  65  61  26  69   7  96  34  91  87  11  36  83  75   7  35
[2416]  33  27   8  18  94  75  80  53  11  45  84 100  34  81   4  10  95  84  38  75  18
[2437]   4  56  24  34  34   3  60  10  68  47  35  77  31  61  31  14  27  69  60  55  27
[2458]  88  47  55  79  26  48  19  40  63  81  88  54  95  70  73  41  36  64  85  95  53
[2479]   5  64  21  74  86  97  82  71  72  37  68  31  52  94  43  73  40  92  36  11  49
[2500]  25  67  38  78  47  62  76  56  95  60  40  64   1  92  33  16  88  61  61  54  90
[2521]  25  16  78  15  64   1  22  69  54  57  48  43 100  76  51  76  48  87   2  13  33
[2542]   6   7  22  73  70  49  34  51  52  21  41   4  94  50  91  22  68  50  31  51  36
[2563]  58  28  50  98  66  59  97   2  60  59   7  24   9  65  50  46   2  87  31  53   3
[2584]  42  69   8   5   4  83  24  19  78  98  78  46  89  64  70  14  16   2  12  13  51
[2605]  85  64  38  54  69  50   5  50  82  51  61  48  12  96  54  26  53  60  97  26  84
[2626]  71  62  32  60  74  69  94  31  38  87  20  73  11  79  53  42  73  83  82  65  40
[2647]  50  81  55  44  60  11  91  66  85  15  82  88  54  45  62  92  86   9   5  48  92
[2668]  60  29  59  52  95  17  77  97  55  37  91  85  92  12  84  65  60   5   2  87  81
[2689]  69  52  49  35  99  31  31  82  44  72  88   9  91  29   7  71  83  88  71  92   7
[2710]  65  84  16   9  11  98  60   3  99  60  41  16  14  52  70  44  14  44  41  33  19
[2731]  11  43  33  57  95  67  52  76  40  41  93  67  63  23  32  64  75  38  70  12  64
[2752]  17  40  82  26  84   5  37   5  70   7  34   2  94  90  47  87  34  83  16  70  85
[2773]  65  62  34  79  55  79  79  94  39  16  52  31  63  99  84  95  74  84  23  35  37
[2794]  56  58  37  20  43   7  39  43  77   2  19   1  17  83  10  92  47   7  55  62  32
[2815]  99  48  36  40  34  45   7  81  75  16  31  70  44   5  26  71  76  44  42  27  64
[2836]  23  18  63  34  85  43  11  86  92  86  18  95  18  49  66  17  15   6  46  86  93
[2857]  48  63  61  97  18  39  50  72  94   7   6  74  28  27  61  73  24  36  52  24  83
[2878]  37  51  26  59  11  86  18  45  33  58  91  55  31  72  75  11  94   1  18  83  66
[2899]  48 100  47  55  17  97   5  94   6  64  99  47  60 100  60  42  65  34  17  62  72
[2920]  57  87   6  95  14 100  27  54  67  88  91  31  42  60  30  77  48  82  67  98  94
[2941]  63  46   9  10  22  21  75  30  50  59  27  70  14  83  25  83   6  35  86  22   9
[2962]  27  43  97   2  64  23  76  34  60  35  93  89   9  62  71  60  28  41   6  79  73
[2983]  17  53  87  65   6  28  40  28  67  91  78  12  93   5  77  37  52   6   1  28  56
[3004]  77  93  31  55  44  80  98  96  28  94  46  54  50  95  47  74  44  59  12  23  94
[3025]  93   9  33  84  59  68   5  96  53  71  71  17  64   8  82  69   9  80   2  88  16
[3046]  98  55  14  97  84  63   1  81  68  60  29   9  65  46  47  13  29  14  34  84  24
[3067]  88  91  57  35  79  82   9  42  17   3  87  34  90  30  10  58  26  89  81  45  74
[3088]  95  68  95  88  76  53  37  48  12  20   7  65  45  66  89  25   1  63  32  81  85
[3109]  34  40  73  34   1  48  93  13  92  74  54  70  51  91  66  21  58  21  90  99   2
[3130]  87  85  91  11  72   3  52  19  38  64  52  31  20  70  32  53  33  60  67  83  18
[3151]  41   1  47  51  85  19  66   4  91   3  94  72  21  73  37  34  13  30  26  47  78
[3172]  87  76  55  62  83  87  66  76  36  24  38  69  12  46  22  81  43  24  63  15  78
[3193]  24  97  65  20  31  59  67  25  17  31  23  49   6  15  91  77   5   6  43  63  77
[3214]  20  43  79  88  91   5  25  36  84  30  38  61  94  90  57  72  65  13  74  91   2
[3235]  68  95  77   6   7  74   4  13  68  44   1  44  30  51  58  55  46  73  97  67  81
[3256]  24  27  48  28  65  57  44  85  92  81  54  86  45  63  58  53  37  62  45  94  90
[3277]  25  81  65  55  31  66   1  46  34  58  68  73  45  26  20  87  40   4  23  15  88
[3298]  19  25  50  34  12  18  21  27  71  47  92  11  73  77  31  29  65  54   4  83  81
[3319]  71  87  21  69  99  63  42  84  89  39  52  37  64  13  25  86  69  79  70   5  66
[3340]  88  17  48  84   7  51  51  20  16  32  69   8  73  66  21  67  17  81  65  86  96
[3361]  45  54  41  53  56  99  87  36  13  87  75  75  15  77  99  80  21  12  90  33  80
[3382]  60  36  84  27  44  68   3  14  10  33  44   7  65  24  34  68  93  44  87  23  38
[3403]  47  14  10  25  97  74   9  91  38  67  26  43  78  35  86   8   7   1  64   1  77
[3424]   4  69  52  70  80  63  57  83  99  10  95  66  45  67  53  70   4  81  60  59  56
[3445]  20  24  49  45  44 100  12   8  56  75  11  57  93   4   4  67  33  12  52   9  32
[3466]  70  32  49  54  49  73  74  32  63  54   7  35  10  18   4  30  37  36  20   5  55
[3487]  42   7  22  20  54  65  24  87  85   6  14  52  80   3  88  13  25  40  53  66  90
[3508]  91   6  54  57  99  29  37   4  64  81  80  41  13  57  36  93  66  42  28  88  85
[3529]  71  31  31  59  38  67  87  83  53  31  26  15  51  56  49  88   8 100  56  51  96
[3550]  31  37  19  43  18  98   1  74  50  55  10  71  94  64  45  10  36  34  39  93  83
[3571]  94  14  33  24  36  64   8  68  57  50  59  33  59   6  34  88  47  27  21  42  30
[3592]  24  24   8  45  69  27  62  51  39  97  57  65  79  47  86  57  45  59  39 100  92
[3613]  96  94  46  49  58  30   9  50  67  35  30  57  90  95  21  55  90  68  76  21  74
[3634]  83  70   3  58  58  79   1  70  19  56   5  49  32  73  81  52  93  53   6  99  56
[3655]  98   3   9  76  45  66  97  41  20  14  40  88  82  47  13  92  35  29  19 100  56
[3676]  96  32  16  19  91  69  11  18  72  77  91  72  25  96   8   7  77  71  76  75  81
[3697]  90  43 100  95  23  47  79  61  35  83  92  73  19  30  85  26   4   2  18  75  62
[3718]  27  46  51  84  97   9  25  11  87  56  20  54  38  62  15  42  52  86  96  92  26
[3739]   6  93  92  28  25  12  35  25  18  97  21  16  87  18  96  17  80  16  75  41  86
[3760]  90  16   1  80  29  17  79  71  43  71  76  58  47  55  62  76  26  22  10  52  35
[3781]  95  95   9  25  77  39  95  35   7  21   6  33  21  91  96  77   4  30  45  33  84
[3802]  89  68  18  25  35  33  56  89   8  71  62   1  57  28  61  37  45  18  15  85   2
[3823]  93   8  91  17  42  58  35  63  82   7  91  28  73  83  30  52  75  28  86  83  90
[3844]  92  83  38  44  69  89  56  35  45  97  47  62  78  91  98  32  44  70  13  16  64
[3865]  13  96  34  75  80  90  22  79  62  92  56  72  18  26  14  36  57  32  97  22  90
[3886]  78  57  52   8  33  17  29  35  77   7  21  81  51  13  37  27  70  91  73   7  18
[3907]  52  99  33  68  39  14  13  38  45  60  56  28  96  22  20  18  65  97  42  75  61
[3928]  72  11  14  55  43  74  50  82  49  64  81  64  57  25  54  93  18 100  35  71  30
[3949]  24  41  75  86  67  87  94  19  60  73  43  39  39  98  83  30  13  98  19  50  81
[3970]  21  78  38  23  18   6  53   4  72  55  41  73  34  45   7  93  53  43  57  56   6
[3991]  32  22  11  79  79  29  11  75  34  72  47  21  46  39  15  93  14  16  55   8  94
[4012]  85  93  30  21  15   6  87  78  74  62  24  86  33  26  51  57  11  95  52  46  73
[4033]  42  23  76  34  99  71  48  46  35  68  83   9  29  83  23  79  19  13  26  94  80
[4054]  92  98  26  45  28  98  93  99  75  12  27  10  12  95   9  40  15  25  72   4  11
[4075]  46  86  69   7  70  20  76  40  59  93  74 100  45  86   6  61  32   2  68  81  12
[4096]  59  73   8  85  68  16  86  29  76   1  50  94  88  51  17  18  96  73  52  22  48
[4117]  16  34  68  11  75  38  65   8  75  53  15   3  81  23  20  98  53  15  22  27  51
[4138]  74  87  62  73  95  42  87  72  26  36  89  79  84  28  83  34  76  86  33  95  57
[4159]  96  75  59  31   9  39  62  80   6  98  45  55  60  86  40  18   9   1  15  84  92
[4180]   2   3  61  84  91  68  31  39  28  55  43  11  22 100  36  41  78  57  94  46   3
[4201]  35  31  85  82  39  50  25  76  58  50   7  23  54  38  71  57  24   5  74  81 100
[4222]  13  29  69  80  62  59   6  52  93  54  64  76  59  67  43  77  26   6  53 100  54
[4243]  58  54  44  50  49  67  39  60  57   4  82  60  49  33  96  76  49  74  43  39   1
[4264]  44  20  33  29  68  80  89  17  16  13  92  39  21  43  64  84   6  21  41  85  36
[4285]  82  95  55  51   6  79  75  71  49  35  40  27  28   5  61  13  20  47  55  81  87
[4306]  99  14   9  63  50  32  15  63   7   4  93  52  75   3  28  66  74  37  79  81  91
[4327]  80  86  39   7   7  85  22  81  73   8  80  54  52  18  39  83  41  96  73  61  13
[4348]  96  35  60  95  16  21  82  41  45  67   7  92  83  42  44  27  10  56  14  43  15
[4369]  22  36  15   8  61   6  63  89  23  90  66  11   4  25   5  42  29  14  91  62  26
[4390]  39  22  75  69  32   8  42   2  74  64  42  22  86  96  71  54   5  51  65  52  52
[4411]  77  64  27  67  17  75  84  16  83   7  24  72  22  18  27  96  76  80   1  43   4
[4432]  76  42   3  49  20  98  32  65  99  41  61  61  10  19  70  55  11  62  25  86  38
[4453]  61  49   7  18  11   5  12  33  50  24  43  56  91  12  98  46  18  96  10   3   1
[4474]  61  47   9  57  84  31  16  85  73  11  26  84   4 100  15  39  13  60  57  79  24
[4495]  89  85  97  20  77  57   1  36  59  75  33  86  24  13  66  56  21   3  65  60  17
[4516]   8  84  73  30  83  37  96  18   2  27  10  90  97  50  84  85   2  34   4  16  88
[4537]  25  95  81  82  32  69  44  35  48  61 100  46  64  58  72  80  78   2  29  66  64
[4558]  89  34  20   8  54  34  64  38  47  49  55  65  76  22  90  51  19  71  33  60   1
[4579]  99   7  77  38  69  41  79  10  73  19  93  93  83  51  21  48  98  61  95  40  78
[4600]  17   5  69  20  81  34  30  94  84  13  37  70  40  34   4  63   2  57  82  72   7
[4621]  48  33  22  29  99   5  35  44  78  56  47  54  23  17  87  81  50  75   6  26  52
[4642]  16  40  44  94   5  71  33  86  34  16  46  21  85  96  69  19   3  66  66  86  85
[4663]  98  24  49 100  55  28  40   6  30  68  13  97  34 100  16  71  80   9  23  96  27
[4684]  83  73   1  50  78  38  12  87  48  85  43  42  91  73  72   6  48  53  95  80  17
[4705]  72  14   2  42   4  29  12  64  54  68  69  34  95  12  16  67  29  81  79  96  65
[4726]  11 100  80  93   7  86  92  86  88  97   1  70  10  63  92  55   3  23  78  74  97
[4747]  52  31  47  54  95   4  18  63  12   9   5  98  28  90  48  91  43  66  94  33  78
[4768]  15  77  50  50  39  70  66  27  95  42  77  88  30   2  48  65  48  67   7  24  32
[4789]  24  87  35  49  67  65   1   1  99  59  99  87  13  74   5   5   8  10  84  10  75
[4810]  18  23  56   3  79   7  82  44  86  85  23  70  12  18  17  34  48  76  40   6  77
[4831]  87  63  98  48  66  35  15  33  34  20  25  54  71  48  82  55  36  31  98  88  27
[4852]  89  21  89  99   8   7   8  22  19  70  71   5  39  12  66  18  75  43  86  21  91
[4873]  57   3  31  86  81   2  69  97  62  14  83  77  69  41  41  53  14  32  94  58  89
[4894]  56  54  59   1  54   3  63  58  71  17  85  76  23  46  70  33  32  67   2  89  79
[4915]  61  44  35  46  56  89  55  60  39  51  67  55  43  33  10  95  23  99  48  29  56
[4936] 100  59  38  42  20  14  20  36  70  74  26  79  12   9  65  32  88  54  96  48  91
[4957]  48  86  81  95  19   2  98  33  27  70  16  63  52  92   4  65  14  63  15  59  34
[4978]   1  34  13  10  11  34  41  95  50  58  85  30  86  36  65  75  35  29  46  14  53
[4999]   8  58
