Parameters for simulation. Weather from davis data. 
 Run type = standard
traits = day cutemp cuprecip
best.precip has value 10.000000 
best.temp has value 10.000000 
duration has value 10.000000 
N has value 10.000000 
numYears has value 10.000000 
runType has value 10.000000 
 sds= 
$day
[1] 3.65

$temp
[1] 0.45

$precip
[1] 1

$cutemp
[1] 90

$cuprecip
[1] 6

$daysq
[1] 1332.25

$tempsq
[1] 19.7136

$precipsq
[1] 100

$cutempsq
[1] 2500

$cuprecipsq
[1] 200


 mutrate=
$day
[1] 0.01

$temp
[1] 0

$precip
[1] 0

$cutemp
[1] 0.01

$cuprecip
[1] 0.01

$daysq
[1] 0

$tempsq
[1] 0

$precipsq
[1] 0

$cutempsq
[1] 0

$cuprecipsq
[1] 0


 start=
$day
[1]    1 1095

$temp
[1] 0

$precip
[1] 0

$cutemp
[1]     5 27000

$cuprecip
[1]    0.01 1800.00

$daysq
[1] 0

$tempsq
[1] 0

$precipsq
[1] 0

$cutempsq
[1] 0

$cuprecipsq
[1] 0


 years.index=
  [1]  43  90  90  54  40   1  81   2  72  49  66   1  16   3  46  79  67  70  60  74  62  86  14  10  57  86  37  10  57  88  17  22  15  96  66
 [36]  85  86  37  34  47  58  75   2  90  85  63  46  79  51  32  31  12  45  99  83 101  46  63  39  53  42  95  15  33  64  38   1  88  95   5
 [71]  27  48  54  52  17  15  37  26   2  27  72  18  77  21  71  52  50  81  14   9  71  93  36  26  39  27  43  95  84  66  74  29  85  16  27
[106]  50  32  69  38  83  83  68  87  90  52  93  97  51  50  15  38  97  11  57  14  15   8  59  54  45  40  88  89  13  66  24  39  98  81  91
[141]  10  49 100  30  61  55  73  49  21  85 100  24   8  28  47  51   2  23  93  74  56  62  40  55  73   7   5   3   5  78  21  37  63   9  83
[176]  74  88  99  39  57  60  71  94  54  19  39   5  83  25  55  71  28  50  13  23  19  58  95  28  68  87  94  30  83  22  54  77  91  48  97
[211]   1  92  45  46  42  48  98  44  22  44  91  71   8  45  96  74  21  41  47  98  29  76 101  60  23  56  47  87 101  92   7  18  56  69  88
[246]  54  68  51 100  70  87  81  29  13  95  44  15  24  77   6 101  77  36   9  45  18  30  81  64 101  49  53  94  48  98  74  71  18  68  80
[281]  83  13  81  56  74  96  89  21  12  13  42  92  87  42  55  71  13  45 101  80  46  72  79  65  31  81  52  36  66  11  18  27  38  91  20
[316]  69  88  25  42  55  19  26   2 101  98  43  13  12   8  97  48 100  99  65  60   1  99  14  56  58  56  35   5  85  16  39  34  80  33   5
[351]  40  48  18  66   1  33  48  19  87  98   4  32  84  36  53  50  76  46 101  57  68 101  44  62  29  78  81  13  30   7  22  85  72  68  77
[386]  92  39  20  86   9  81  40  24   7  39  26   8  15   7  13   7  11  66  61  14  49  59  53  16  61  44  90  95   6  12  50  48  27  17  11
[421]  11  67  83  36  25  30  50  96  25   6  74  55  28  17  91  19  44  37  56  39  11  33   7  20  70   7  48 100  84  71  14   3  88  61  67
[456]  73  20  58  32  36  39  77  65   9  33  10  17  59   7  69  69  34  12  49  19  75  81  71  26  17  28  89  29  52   4  26  57  61  61  71
[491]  43  69  56   8  19  73  69  49   6  60
