Parameters for simulation. Weather from davis data. 
 Run type = standard
traits = day cutemp cuprecip
best.precip has value 10.000000 
best.temp has value 10.000000 
duration has value 10.000000 
N has value 10.000000 
numYears has value 10.000000 
runType has value 10.000000 
 sds= 
$day
[1] 3.65

$temp
[1] 0.45

$precip
[1] 1

$cutemp
[1] 90

$cuprecip
[1] 6

$daysq
[1] 1332.25

$tempsq
[1] 19.7136

$precipsq
[1] 100

$cutempsq
[1] 2500

$cuprecipsq
[1] 200


 mutrate=
$day
[1] 0.01

$temp
[1] 0

$precip
[1] 0

$cutemp
[1] 0.01

$cuprecip
[1] 0.01

$daysq
[1] 0

$tempsq
[1] 0

$precipsq
[1] 0

$cutempsq
[1] 0

$cuprecipsq
[1] 0


 start=
$day
[1]    1 1095

$temp
[1] 0

$precip
[1] 0

$cutemp
[1]     5 27000

$cuprecip
[1]    0.01 1800.00

$daysq
[1] 0

$tempsq
[1] 0

$precipsq
[1] 0

$cutempsq
[1] 0

$cuprecipsq
[1] 0


 years.index=
  [1]  87  36  11  33  95  66  69  80  45  58  91   8  81  91  87  27
 [17]  78  77  65  57  89  45  62  40   2  97  87  16  62  69  69  95
 [33]  18  97  90  97  13  11  91 101   1  16  67  40  31  62  20   8
 [49]  83  36  87  13  57   2  41  31  25  32  39  33  13   2  95  99
 [65]  57   8  77 101  91  31  69  13  27  11  18  32  57  31  25  58
 [81]  16 101  41  89  32  94   8  90  99  90  97  31  32  25  20  69
 [97] 101  94  67  93  57  83  31  63  43  27  81  39  20  43  57  63
[113]  91  80  13  78  67  99  93  36  66  62  91  43  95  48 101  65
[129]  58  57  31  91  25  95  71 101  43  41  99  89  58  40  27  63
[145]  19   2  25  19  94  20  52  58  97  32  20  11  11   1  81  20
[161]  20   8  81  99  36  13  90  58  87  11   2  25  19  94  85  59
[177]  99   2   2  59  40  90  25  45  67  31  25  93  11  81  62  65
[193]  85  11   8  81  45  60  77  39  16  59  32  57  69  39  25  81
[209]  40  59  93  13  11  18  43  95  39  40  62 101  93  31  62  11
[225]  27  45  43 101  20  95  58   2   2  32  43  39  19  93   2  10
[241]  78  94  71  57   2  39   8  91  45  18  58  33  40  33  13  83
[257]   8  20  59  97  97   8  99  85  16  39  69  19  65  87  16  59
[273]   8  31  85  77  66  33  63  40  60  85  95  43  20  59  16  77
[289]  93  41  63   1   1  41  11  67  36  13  66  13   2  80  32  65
[305]   8  36  87  32  57  65  27  13  16  99  27  16  81  90   1  27
[321]  89  36  63  19  20  33  91   1  77  33  69  57  94  85 101  81
[337]  45   8  63  94  94  91  27   2  10  87  97  58  78  62  78  94
[353]  19   2   8   8  87  99  89  97  48  19  67  20  81  40  95  19
[369]  52  95 101  19  65  31  97  57  93 101  85  93  33  69  18  63
[385]  20  13  18  18  33   1  93  65   2  10  25  65   2  52  27  45
[401]   8  65   2  80   2  18  91  43  48  33  62  10  39  27  81  71
[417]  94  89  58   8  57  93  85  43  89  41  89  19  78  45  67  27
[433]  95  80  62  27  31  62  41  91   2  57  97  80  16  95  36  36
[449]  40  48  52  69  95  85  63  94  67  27  69  16  32  67  36  40
[465]  40  60  71  40  62  32  67   8  81  71  16  95   8   8  59  31
[481]  71  43  65  67  99  18  32  11  48  90  67  31  89  87  95  43
[497]  32  41  19  97
