Parameters for simulation. Weather from davis data. 
 Run type = standard
traits = day temp precip
best.precip has value 10.000000 
best.temp has value 10.000000 
duration has value 10.000000 
N has value 10.000000 
numYears has value 10.000000 
runType has value 10.000000 
 sds= 
$day
[1] 1.825

$temp
[1] 0.225

$precip
[1] 0.5

$cutemp
[1] 45

$cuprecip
[1] 3

$daysq
[1] 666.125

$tempsq
[1] 9.8568

$precipsq
[1] 50

$cutempsq
[1] 1250

$cuprecipsq
[1] 100


 mutrate=
$day
[1] 1

$temp
[1] 1

$precip
[1] 1

$cutemp
[1] 0

$cuprecip
[1] 0

$daysq
[1] 0

$tempsq
[1] 0

$precipsq
[1] 0

$cutempsq
[1] 0

$cuprecipsq
[1] 0


 start=
$day
[1]    1 1095

$temp
[1]   5 135

$precip
[1] 1e-02 3e+02

$cutemp
[1] 0

$cuprecip
[1] 0

$daysq
[1] 0

$tempsq
[1] 0

$precipsq
[1] 0

$cutempsq
[1] 0

$cuprecipsq
[1] 0


 years.index=
   [1]  41  36  65  11  16   7  78  64   2  76  51  20   2   4   8  18  52  56   2  86
  [21]  57  60  40   7  59  65  45 101  81  77  25  48  24  95  69  57  21  97  75  77
  [41]  48  82  18  37  51  83  65  75  97  77  29   2  57  74  64  32  15  44  38  18
  [61]  71  56  10  88  14  66  46   7  43  53  25  90  14  28  27  21  53  15  85  59
  [81]  70  27  53  22  72  96  68   9   3  36  95  31  19  86  32  31  74  25  64  39
 [101]  81  10  61  90  18  58  32   4  26  67  46  67  73  74  27  74  38  90  92  63
 [121]  96  89  67  82   2  51  50  25  36  45  11  11  11  72   5  87  29  29  18  83
 [141]  35  70  52   5  57  93  89  83   6  53  18  30  71  58  50  97  10  80  72  74
 [161]  28  10   3   5  97  62  39  62  14  27  95  81  39  74  86  34  47  68  36  88
 [181]  72  15  44  38  89  60  90   2  42  86  34  91  57  23   7  40  40  65  16  50
 [201]   3  35  34  41  28   7  28  64  22  22  84  61  90  74  89  73  15  61  31  14
 [221]  94  91  43  10  73  32  93   2  42  63  85  67  97  38  65  30  10  46  37  17
 [241]  65  74  16  25   5  18  45  33  81  28  58   1  81  44  43  71  32  99  93   6
 [261]  84  16 101  57  64 101  14  50  75  23   3  63  27  73  93  27  68  77  80  19
 [281]  75  91  16  35  64   8  90   2  25 101  45  33  86  12  86  91 100  70  31  21
 [301]  92  35  69  73  29   8  32  16  77  90  26  29  30   3  46  66  31  73  11  17
 [321]  59  83  24  31  22  41  82  27  65  56  11  10  91  56  95  96  32  21  54  10
 [341]  75  46   8  41  74  31  94  77  54   6  86  62   8  85  80  28   4  92  15  10
 [361]  49  12   6  24  30  30  90 101  57  75  57  39  12  41 100  68   8  65  33  33
 [381]  24 101  17  41  73   6  19  20  39  26  69  12  45   3  20  91  37  49   6  63
 [401]   9  37  49  45  46  19  25  79  45  66   5  93  24  28  57  39  81   7  69  73
 [421]  45  84  71  21  54  77  20  51  38  31 100   7  91  13  95  11  44  56  37  90
 [441]  59  26  54  87  71  30  50  91  33  90  86  60  25  84  59  83  15  52  72  72
 [461]  28  97  90  66  80  45  95  93   4  45  42  78  84   6   4  84  90  67  23  21
 [481]  10  15  60  36  50  28   7  24  56  38  88 101  30  32  43  33  60  12  57  62
 [501]  12  44  81  13  57  53  77  95  45  96  74  19 100  83  51  25  41   7  53  54
 [521]  28  30  94  27  98   8  55  79  52  38  24  33  16 100  47   3  64  25  32   9
 [541]  22  21  71  17  90   4  37  94  69  30  56  15  12  19  64  36  21  33  81  36
 [561]  70  96  28  33  98  90  27  88  75   4   1   4  92  22  18  52  43  13  64  79
 [581]  89  89  96   6  87  94  21  30   3  72  36  30  96  22  32   5   9  57  11  76
 [601]  10  14  56  89  66 101  91  49   6  86  45  86  66  84  77  55  59  44  74  45
 [621]  66   5  62  30  25  94  44  90  52  19  83   9  73  12  24  94  13  87  60  32
 [641]   1  49  29  52  54  45  77  16  79  56  13   8  64  29   1  49  98  79  75  89
 [661]  51  94  33  55  88  69  12  65   9  13  44  38  19  11  82  13   3   5  32  80
 [681]  56   4   1  89  81  99  90  48  62  67  53  40  61  28  76  40  39  18   9  32
 [701]   8  87  25  42  39  80  96  37  93   6  40  81  80  75  44  95  53  39  64   7
 [721]  28  12  38  12  90  86   9  24   5  98  77   4  30  85  67  61  42  37   3  68
 [741]  27  89  94  42  74  10  30  53  56  89  30  12  53  86  56   6  75  78  80  90
 [761]  29  60   2  18  82  91  32  36  27  81  91  67  39  90  19  71  41   6  34  29
 [781]  85  91  65  29  44  20  71  28  84  52  43  94  94  90   4  98  78  32  72  58
 [801]  85  23  15  88  69  84  68  35  49  65  56  19  76  68   2  77  34  88  94  48
 [821]  42  27  74   2  46  86  61  60   9  61  20  25  87  98  58  53  65   2  23  41
 [841]  18  31  87  72  60  12  77   2  51   7  95  67  28  78  26  48  36  88  61  26
 [861]  45  17  94  18   1  29  86   9  66  20  46  29  34   9  19  94  31  23  76  19
 [881]  22  84  60  75  43  30  21  55   2   3   6  88  88   6   2  77  51  10  32  48
 [901]  36  50  96 100  42  90  48  24  79  32  68  30  19  49  32  61  38  22  50  32
 [921]  15  42  71  98  95 100  80  97  37  94  85  30  48  41   8  17  26  76  10   5
 [941]  73  20  32   8  88  74   9  24  53 101  43   8  53  40  65  73  25  18   2  12
 [961]  98  96  27   7  45  39  77  63   8  42  63  48  96   9  26  66   6  18  79  70
 [981]  78  99  22  76  84  20  10  38  23  51  32   3  99  12  72  33  42  87  96  41
