Parameters for simulation. Weather from davis data. 
 Run type = standard
traits = day cutemp cuprecip
best.precip has value 10.000000 
best.temp has value 10.000000 
duration has value 10.000000 
N has value 10.000000 
numYears has value 10.000000 
runType has value 10.000000 
 sds= 
$day
[1] 3.65

$temp
[1] 0.45

$precip
[1] 1

$cutemp
[1] 90

$cuprecip
[1] 6

$daysq
[1] 1332.25

$tempsq
[1] 19.7136

$precipsq
[1] 100

$cutempsq
[1] 2500

$cuprecipsq
[1] 200


 mutrate=
$day
[1] 0.01

$temp
[1] 0

$precip
[1] 0

$cutemp
[1] 0.01

$cuprecip
[1] 0.01

$daysq
[1] 0

$tempsq
[1] 0

$precipsq
[1] 0

$cutempsq
[1] 0

$cuprecipsq
[1] 0


 start=
$day
[1]    1 1095

$temp
[1] 0

$precip
[1] 0

$cutemp
[1]     5 27000

$cuprecip
[1]    0.01 1800.00

$daysq
[1] 0

$tempsq
[1] 0

$precipsq
[1] 0

$cutempsq
[1] 0

$cuprecipsq
[1] 0


 years.index=
  [1]  73  19  30  31  94  32   8  25  27  13  27  60  52  26  52  80  92  88  95  82  30  84  80 100   3  17  60  19  57  71  97  96  21  57  35
 [36]   1  28  55  56  72  64  77   3  58  55  35  86  73  89  93   3  40 101  24  23  65  36  73  96  66  33   1  82  70  65  16  54  32  74  86
 [71]  36  85  26  29  78  45  42  78  58  22  25  86  32  78  86   9  89  47  58   7  19  63  80  46  11  70  69  76  74   3  95  85  14  11  66
[106]   1  44  25  40  32  65  14  43  88   1  62  27  26  74  17   3  55  10   1  98  55  23  98  26  55  65  83  78  29  13   3 101   2  37  83
[141]  35  47  15  21   6  94  89  94  18  74  54  38  80  59  72  38  22  23  51  58  68  47  86  78  61  67  77  40 101  11  48  66  70  22  26
[176]  48  78  16  61  98  59  39  19  72  75  64  61  87  51  80  38  44  86  72  16  90  58  73 101  52  75  99   8  36  50   3  52  62  10  64
[211]   4  32  14  94  77  88  49  11  86  83  36  74  42  14  20  23  47  36  93  74  97  30  59  87  14  84  32  73  33  15  76  40  91  63  98
[246]  30   5  82  13  46  82  54 100  68  22  82  12  22  56  55  99  84  49  12  61  36  66  20  10  63   9  92  76  83  28  16  88  32  70  49
[281]  93  56  93  54  35  38  55  24   1  42  35   5   3  51  36  37  87  10  19  24  91   6  63  98  48   7  12  41  12   6  83  59  29  75  41
[316]  41   4  92  43  59  57  17  54  48   9  12  42  98  72   3  41  77  45  15  24  82  69  66   1  19  11   1  94  18  84  63  59 101  62  33
[351]   5  14   9  33  66   1  24  23  55  68  38  59  39  68  35  59  85 101  17  29  75  68  45  47  41  80  47  23  74  71  85   5  57  67  26
[386]  48  36  11  67  24  60  41  60  93  50  88  56   3  57  61  59  39  38  71  24  26  34   6  36  86  24  96  23  85  81  65  92  56  49  55
[421]  82  78   3  11  32  36  76  62   6  86  56  51  28  33  70  68  85  63  72  54  67  75  28  35  87  63  38  63  73  31  97  56  88  78  99
[456]   7  49  10  47  28   4  17  49  46  39  28  56  51  86  62  83  48   3   2  69  76  91   9  23  56  62  59  39  12  74  18  76  60   9  23
[491]   8  83  77  59  87  58  85  16  56  49
