Parameters for simulation. Weather from davis data. 
 Run type = standard
traits = day cutemp cuprecip
best.precip has value 10.000000 
best.temp has value 10.000000 
duration has value 10.000000 
N has value 10.000000 
numYears has value 10.000000 
runType has value 10.000000 
 sds= 
$day
[1] 3.65

$temp
[1] 0.45

$precip
[1] 1

$cutemp
[1] 90

$cuprecip
[1] 6

$daysq
[1] 1332.25

$tempsq
[1] 19.7136

$precipsq
[1] 100

$cutempsq
[1] 2500

$cuprecipsq
[1] 200


 mutrate=
$day
[1] 0.01

$temp
[1] 0

$precip
[1] 0

$cutemp
[1] 0.01

$cuprecip
[1] 0.01

$daysq
[1] 0

$tempsq
[1] 0

$precipsq
[1] 0

$cutempsq
[1] 0

$cuprecipsq
[1] 0


 start=
$day
[1]    1 1095

$temp
[1] 0

$precip
[1] 0

$cutemp
[1]     5 27000

$cuprecip
[1]    0.01 1800.00

$daysq
[1] 0

$tempsq
[1] 0

$precipsq
[1] 0

$cutempsq
[1] 0

$cuprecipsq
[1] 0


 years.index=
  [1]   2  63  31  10  20  41   8  83  31  91  89  45  40  19  40  60
 [17]  20  27  11  85  77  90  58  58  19  58  18  43  57  62  41  89
 [33]  11  66  10  31  62  31  63  20  32  19  59  27  65  63  90  25
 [49]  83  87  80  58  40  93  27 101  89  48  77  94  43  71  27  65
 [65]  81  20  25  97  18  40  20  93  58  57  45  87  85  33  65 101
 [81]  27  80   8 101  13  18   2  65  18  99  67  31  85  45  52  78
 [97]  65  60  33  77  13  97  11  91  39  78  41  10   2  43  62  65
[113]  40  81  93  63  41  13  31  27  66  43  69  85  78  62  71  58
[129]  80  60  31  33  40  16  69  57   2  97  87  89  81 101  13  10
[145]  62  57  67  43  78  89  69  57  31  20  90   2  93  66  59  16
[161]  62  25  83  19  87  13  57  52  25  66  87  45  31  62  83  80
[177]  40  83  19  69  43  27  33  45  13  43  52  71  87   1  48  57
[193]  58  62  32  33  57  77  13  48  40  83  81 101  32  80  18  41
[209]  95  83  11  48  10  71  43  91  40  25  32  83  25  94  85  81
[225]  58  52  25  40  10  62  10  13  95  78  58  43  39  31  25  19
[241]  20  81  94  13   1  80  85  66  94  11  52  67   1  67  71  71
[257]  16  94  43  69  90  78  91  65  69  99  80   1  25  81  52  16
[273]  41  83  83  66  78  33  59  48  81  85  33  93  16  18  80  41
[289]  25  52  33  18  95  81  62  48  99  33  27  25  25  18   8  16
[305]  83  77  10  91  52  81  71  83  33  20  63  20  48  63  39  95
[321]  57  67  13  81  99   8  91  27  81  90  20 101  58  43  20  93
[337]  33  65  10  69  36  13  85  71  81  94  87  25  93   8  52  63
[353]  65  97  48  20  40  99  36  67  27  25  20  87  52  91  87  93
[369]   8  99 101  33  33  36  83  19  10  41  10   1  81  99  91  41
[385]  89  85  85  66  67  57  13  39  80  59  83  36  41  66  58  36
[401]  71  77  65  45  78  32   2  36  94  59  97  91  13  32  97  90
[417]  10  65  87  11  57  93  32  48 101  13  62  19  77  13  36  11
[433]  85  78  99  10  91  25  65  71  89  77  60  60  63  60  32  94
[449]  57  94  40  62  16  20   2  58  16  65   2  89  94  80  99  71
[465]  33  36  39  27  48  67  66  62  27  31  83  31  77  94  45  93
[481]  95  81  71  87  81  62  81  60  90  69  99  62  11  94  57  36
[497]  77  58  19  78
