Parameters for simulation. Weather from davis data. 
 Run type = standard
traits = day cutemp cuprecip
best.precip has value 10.000000 
best.temp has value 10.000000 
duration has value 10.000000 
N has value 10.000000 
numYears has value 10.000000 
runType has value 10.000000 
 sds= 
$day
[1] 3.65

$temp
[1] 0.45

$precip
[1] 1

$cutemp
[1] 90

$cuprecip
[1] 6

$daysq
[1] 1332.25

$tempsq
[1] 19.7136

$precipsq
[1] 100

$cutempsq
[1] 2500

$cuprecipsq
[1] 200


 mutrate=
$day
[1] 0.01

$temp
[1] 0

$precip
[1] 0

$cutemp
[1] 0.01

$cuprecip
[1] 0.01

$daysq
[1] 0

$tempsq
[1] 0

$precipsq
[1] 0

$cutempsq
[1] 0

$cuprecipsq
[1] 0


 start=
$day
[1]    1 1095

$temp
[1] 0

$precip
[1] 0

$cutemp
[1]     5 27000

$cuprecip
[1]    0.01 1800.00

$daysq
[1] 0

$tempsq
[1] 0

$precipsq
[1] 0

$cutempsq
[1] 0

$cuprecipsq
[1] 0


 years.index=
  [1]   4  66  75  34   7  47  98  62  90  59 100  64  69  51
 [15]  36  76  60  87  83   9   5  52  96  24   9  47  30  95
 [29]   4   9  49  46  64  91  39  36  46  44  43  72  49  33
 [43]  79  67  93  38  89  62  15  68  18   5  39  49  28  11
 [57]  19  13  49  78  99  95  72  92  59  60  22  58  67  58
 [71]  21  25  91  46  31   8  55  15  45  30  65  94  42  75
 [85]  70  11  79  48   1  34  71  40  64  94  86   8  71   8
 [99]   2  41  65  67  53   1  63   5  76 100  25  21  37  92
[113]   8  65  90  44  44  72  65  67  84  86   3  27  48  59
[127]  74  67  63  89  49  72 100  63  42   9  97  48  10  77
[141]  62  15  91  22 100  73  60  31  67   7  34   4   9  75
[155]  87  41  37 100  43  99  33  27  91  65  92  13  15  84
[169]  47  68   3  15  50  90   9  57  28  44  61  68  76  98
[183]  44  25  96   1  85  80  75  70  99  86 101   7  72  20
[197]  80  47  79  10  65  52  76   5  29  68   2  28  89  61
[211]  91  10   7  60  98  33  32  36  63  33  75  18  49  32
[225]  56 101  53  45   1  54  55   1  33  80  59  63  50  89
[239]  71 100   3  16  43  49  99  24  11  26  26  20  13  35
[253] 100  68  13  24  66  30  97   2 101  91  53 100  79   7
[267]  44  81  73  18  76  26  22  25  54  30  81  55   9  87
[281]   7  62  27  74  92   3 100  33  97  81  67   2  43   5
[295]  29  42  92  69  29  86  45  69  15  51   2  64  83  86
[309]  24  47  74  94  40  20  91  25  17  93  53  23  28  94
[323]   7  67  37   7  36  97  93  92  20  42   3  19  26  45
[337]  47   3  78  68  95  63  90  56   6  55  14  61 101   4
[351]  28  65  48  28  67  45  62  91  67  33  18  48  39  33
[365]  29  34  52  20  29  99  53  90  58   5  31  49  95  22
[379]  51  37  78  67   5  28  56  18  30  96   2  27   8  61
[393]  33  56  39  29  54  17  91  98  58  45  26  44  96  34
[407]  67  78  19  32  12  51  50  27  61  78  48  95   1  31
[421]  50  88  85  87 101  61  52  77  85  54  88  69  84  49
[435]  43  40  87   8  45  11  77  53  62  20  58  81  76  17
[449]  97  59  32  97  67  92  98  81  12  59  73   2  48  78
[463]  54  68  33   4   5  35  97   7  46  83  72  97  21  76
[477]  49  25  23  93  73  92  78  82  86  93  71  66  38  75
[491]  99  88  58  58  66  71  69  22  31  30
