Parameters for simulation. Weather from davis data. 
 Run type = standard
traits = day temp precip
best.precip has value 10.000000 
best.temp has value 10.000000 
duration has value 10.000000 
N has value 10.000000 
numYears has value 10.000000 
runType has value 10.000000 
 sds= 
$day
[1] 3.65

$temp
[1] 0.45

$precip
[1] 1

$cutemp
[1] 90

$cuprecip
[1] 6

$daysq
[1] 1332.25

$tempsq
[1] 19.7136

$precipsq
[1] 100

$cutempsq
[1] 2500

$cuprecipsq
[1] 200


 mutrate=
$day
[1] 0.01

$temp
[1] 0.01

$precip
[1] 0.01

$cutemp
[1] 0

$cuprecip
[1] 0

$daysq
[1] 0

$tempsq
[1] 0

$precipsq
[1] 0

$cutempsq
[1] 0

$cuprecipsq
[1] 0


 start=
$day
[1]    1 1095

$temp
[1]   5 135

$precip
[1] 1e-02 3e+02

$cutemp
[1] 0

$cuprecip
[1] 0

$daysq
[1] 0

$tempsq
[1] 0

$precipsq
[1] 0

$cutempsq
[1] 0

$cuprecipsq
[1] 0


 years.index=
   [1]  21  61 100  13  63  26  24  42  86  82  97  57  22  69  17   7
  [17]  58  17  25  54  70  30  23  52  66  85   3   7  39  86  13  26
  [33]  62  98  98  77  97  23  42  40  17   7  75  61  73  86  25  66
  [49]  36  98  56  86  82  73  63  82  81  40  77  97  86  73  73 100
  [65]  52  30  55  13  87  97  13  86  13  77  54  40  40  69  50  25
  [81]  39  55  22  77  30   3  22  97  52  46   9  24  23  52  25  45
  [97]  56  45  77   3  97  16  66  16  13  75  70  35  82  84  35  22
 [113]  16  62  45  63  46  97  96  56  61  85  35  46  66  42  66   9
 [129]  39  46   3  26  22 101  23  77  54  26  35  85   7  62   3  39
 [145]  54  26  50  35  69  22  86  70  98  55  77  87  23  54  57  86
 [161]  30  18  86  62  58  25  23  94  69  75  69  75  94   3  26  55
 [177]  13  58  82  73   9  40  26  46  73  87  94  61  82  24  91  39
 [193]  40  46 100  45  13  62  40  98  54  23  16  36  39  77  87  24
 [209]  13   9  18  91   9  22  45  69  40  13  62  66  94  22  23  35
 [225]  84  46   9   9  35  77  54  13  52  98  75  77  63  81  77  85
 [241]  52  81  26  94  97   3 100  63  98  81  66  85  70  42  30  46
 [257]  30  98  77  52   9  94  77  52  46  86  97  39   7  40  82  77
 [273]  46  26  86  40  40  35  58  58  35  52  91  87  45  62  70  23
 [289]  94  52  62  46  82  97  23  63  86  75  73  39  23  18  42  57
 [305]  18  18  54  82  40  52  58  73  75  45  35 101  94  57  84  81
 [321]  21  22  98  35   3  30  98  57  50  25  26  24  97 101  25  24
 [337]  82  87 100  18  63  85  84  18  62  26  18  45  62  70  23  22
 [353]   7  98  87  61  22  36  24  98 100  94  35  82  87  50   7  22
 [369]  50  63  17  26  61  73  17  45 101  86  16  52  56  25  81  16
 [385]  45  22  40  23  66  36  16  52  24  91  40  81  56  86  52  62
 [401]  24  18  69  73  66 100  45   9  36  57  73  91  56  40  30  61
 [417]  25  55  45  85  98  84  75 100 101   7  42  66  66  58  57  96
 [433]  70  26  98  16  13  22 100  18  62  82  91   9  26  22  24  42
 [449]  16  94 100  85  52  52  56 100   9  84  84  73  63  96  50 100
 [465]  82  75 100  45  96  70  97  87  85  77  62  23  46  77  97  94
 [481]  87  84  85  94  96  57  86  61  35  42  81  23 101  96  81  61
 [497]   3  96  66  17  30  54  39  17  36   9  18  22  55  87   7  58
 [513]  39  13  39  61  57   7  73   7  70  39  98  55  73  23  52  61
 [529]  86  36  86  98  18  35  73  23  25  30  77  21  81  94  73  70
 [545]  75  98  55  52  85  58  40  69  13  81  23  82  22  26  58  84
 [561]  58  86  87  55  55  13   9  26  36  22  97  23  55 101  94  62
 [577]  96  73  75 101  50  52  61  58  84  24  61  30  22   3  97  24
 [593]   7  66   3  69  91  87  13  30  66  36  66  70 100  55  24  62
 [609]   9  42  57  40  77  84  94  87  85  58   3  16  25  46  40  96
 [625] 101 100  97  13  16  25  66  73  55  36  55  25  35  16  39  77
 [641]  18  23  57  35  84  61  23  91   3  46  82  61  58  23  39 101
 [657] 101  21   3  86  16  26  25  61  21  18  50  18  42  26  87  86
 [673]  81  39  24  70 101  84  46  63  98  50  50  52  55  39  25  94
 [689]  66 101  40  16  96   7  18  50  61  55  69  58  18  81  98  52
 [705]  22  73  85   3  87  62  57  87  26  17  17  17  57  61  63  22
 [721]  84  50  52  16  21  16  50  75  96  77  81  57  62  75  58  30
 [737]  70   7  91  22   9  58  85  84  98  62  50  82   3  58  21  45
 [753]  42  26  98  52  42  17  85  86  98  97  39 101  23  52  77  16
 [769]  36  82  39   9  94  58  77  13  21  54  50  21  54  82   7  26
 [785]  82  91  22  69   9  17  94  30  84  56  57  17  98  54  63  81
 [801]  96  40  21  70   9  62  13  56  13  16  55  56  96  70  36  85
 [817]  16  26 101  46  54  35  73  70  61  35  21  30  98  39  52  96
 [833]  52  30  98  87  57  23  91  16  25  39  42  77  57   7  81  40
 [849]  58  40  52  75  87 100  97  62  94  87  39  84  85  77   3 100
 [865]  58  81  81  91   3  97  16  50  23   9   9  96  25  73  17  26
 [881]  57  55   7  50  45  77  61  73  50  52  40  85  45  58  30  58
 [897]  73  66  39  42  40  69  97  87  66  17  94  66  22  16  21   7
 [913]  75  87  30  22  85  36  13  77  30   9  66  87  87  52  55  69
 [929]  96  61  57  24  85  13  50  30  85  18  75   7  52  22  36  21
 [945]  87  55  56  84  54  73  50  16  16  81  57  30  55  18  96  75
 [961]  61  50  50  23  17  22  30  73  23  58  42  52  56  98  39  66
 [977]  22  86  62   7  30  96  57  40  40  22  97  39  40  81  77  24
 [993]  63  46  56  52  84  13  96  52
