Parameters for simulation. Weather from davis data. 
 Run type = standard
traits = day temp precip
best.precip has value 10.000000 
best.temp has value 10.000000 
duration has value 10.000000 
N has value 10.000000 
numYears has value 10.000000 
runType has value 10.000000 
 sds= 
$day
[1] 3.65

$temp
[1] 0.45

$precip
[1] 1

$cutemp
[1] 90

$cuprecip
[1] 6

$daysq
[1] 1332.25

$tempsq
[1] 19.7136

$precipsq
[1] 100

$cutempsq
[1] 2500

$cuprecipsq
[1] 200


 mutrate=
$day
[1] 0.01

$temp
[1] 0.01

$precip
[1] 0.01

$cutemp
[1] 0

$cuprecip
[1] 0

$daysq
[1] 0

$tempsq
[1] 0

$precipsq
[1] 0

$cutempsq
[1] 0

$cuprecipsq
[1] 0


 start=
$day
[1]    1 1095

$temp
[1]   5 135

$precip
[1] 1e-02 3e+02

$cutemp
[1] 0

$cuprecip
[1] 0

$daysq
[1] 0

$tempsq
[1] 0

$precipsq
[1] 0

$cutempsq
[1] 0

$cuprecipsq
[1] 0


 years.index=
  [1] 16 63 36 66 61 15 21 61 15 76  5 61 76 89 25 25 66 66 36
 [20] 25 25 77 32 94 63 66 87 61 19 21 60 20 64 21 78 21 99 19
 [39] 16 60 99 77 77 94 99 76 14 15 23 61 33 25 20 15 99 60 89
 [58] 76 63 94 21 25 19 15 61 25 89 87 78  5 66 32 89 77 23 20
 [77] 64 23 17 77 99 20 16  5 60 94 87 23  5 20 94 89 66 99 23
 [96] 23 78 77 61 20 89 25 76 14 33 17 60 66 66 19 99 61 19 66
[115] 61 76 32 78 94 32 33 76 21 63 21 64 63 15 94 33 36 77 25
[134] 78 78 20 60 61 76 87 21 17 33 36 76 78 19 16 87 20 15 14
[153] 33 32 76 94 15 14  5 61 63 87 21 25 14 78 23 14 64 77 23
[172] 77 32 66 94 14 99 78 89 32 21 16 25 19 63 87 19 89 87 77
[191] 87 99 87 14 17 19 19 32 60 94 36 77 61 21 36 78 21 25 17
[210] 61 60 16 33 94 77 36 20 76 16 78  5 87 64 66 21 16 23 16
[229] 19 25 87 89 89 89 87 94 14 17 16 25 36 19 87 63 99 20 89
[248] 16 60 21 61 33 25 14 64 15 94 25 60 89 87 14 19 20 63  5
[267]  5 33 23 21 78 15 77 17 23 94 20 63 78 23 87 94 99 66 60
[286] 17 64 64 25  5 60 15 77 60 94 36 60 63 23 66 66 17 19 78
[305] 33 76 36 89 19 60 78 19 15 17 63 99 33 77 33 77 25 61 63
[324] 21 63 15 76 99 64 76 87 60 25 19 19 19 15 14  5 60 94 76
[343] 78 89 76 76 61 77 63 14 66 89  5 89 87 17 63 76 77 60  5
[362] 66 23 78 61 21 77 15 61 94  5 76 94 89 21 94 64 14 15 19
[381] 64 23 63 36 61 20 66 99 60 64 16 63 76 99 64 77 17 16 66
[400] 17 23 15 94 89 94 77 66 77 94 36 36 94 19 87 60 60 87 99
[419] 60 17 99 33 76 14 99 15 99 77 76 60  5 63 78 20 36 19 32
[438] 66 78 76 64 63 87 32 61 23 23  5 99 36 25 76 21 17 17 64
[457] 94 33 61 25 25 76 23 19 23 60 25 61 64 61 25 33 76 17 20
[476] 61 60 89 32 66 14 94 66 21 17 33 78 77 87 64 16 76 87 76
[495] 61 99 66 25 14 32
