Parameters for simulation. Weather from davis data. 
 Run type = standard
traits = day temp precip
best.precip has value 10.000000 
best.temp has value 10.000000 
duration has value 10.000000 
N has value 10.000000 
numYears has value 10.000000 
runType has value 10.000000 
 sds= 
$day
[1] 36.5

$temp
[1] 4.5

$precip
[1] 10

$cutemp
[1] 900

$cuprecip
[1] 60

$daysq
[1] 13322.5

$tempsq
[1] 197.136

$precipsq
[1] 1000

$cutempsq
[1] 25000

$cuprecipsq
[1] 2000


 mutrate=
$day
[1] 0.01

$temp
[1] 0.01

$precip
[1] 0.01

$cutemp
[1] 0

$cuprecip
[1] 0

$daysq
[1] 0

$tempsq
[1] 0

$precipsq
[1] 0

$cutempsq
[1] 0

$cuprecipsq
[1] 0


 start=
$day
[1]    1 1095

$temp
[1]   5 135

$precip
[1] 1e-02 3e+02

$cutemp
[1] 0

$cuprecip
[1] 0

$daysq
[1] 0

$tempsq
[1] 0

$precipsq
[1] 0

$cutempsq
[1] 0

$cuprecipsq
[1] 0


 years.index=
  [1]   1  58  39 101  69  96  17  63  81  58 101  81  58 101  57  46  69  86  35  98  84
 [22]  22  70  97  58  81  69  84  23  91  40  63  42  39  55  35  22  61  58  96  87  54
 [43]  45  45  18  77  55  81  21  35  23   7  81  42   7  40  57  75 100  13  39  86  73
 [64]  87  40  26  50  16  61  87  63  82  57  46  66  70  17  94  58  16  94 101  87  55
 [85]  94  50  62  77  50  69  45  66  26  36  61  77  25  96  40  86  70  58  52  26  13
[106]  52  17  26  81  86  22  97  96  75  70  57  85  50  91  45 100  82   7  81  63  85
[127]  17  84  16  86  50  26  22  85  62 100  75  30  18  75   9  58  35  86   7  13  25
[148]  75  52  16  96   3   9  55  13  52 100  94  62  42  39  86  42  30  35  18  57  81
[169]  22  39  69  36  85  56  75  54  84  81  63  77 100  50  97  39  77  40  70 100  97
[190]  35  75  62  46  97  22  50  39  94 101  21  56  45  97  91  30  63  52  62   3  94
[211]   7  61  77  36  17  61   9  96  62  22  39  46  69 100  87  63  25 100  52  77 100
[232]   7  30  62  94  39  22  81  87  40  73  62  81  96  82  69  13  87  21  25 100  24
[253]  87  57  75  86  55  84  85  39  98   3  85  52  13   3  77  40  85  98  58  98  57
[274]  52   9 101   9  30  18 100  85  17  13  73  62  55  36   7  96  46  23   9  56  39
[295]  81   7   3  86  26  52  18  75  23  57  21  23  86  91  87  46  52  36  13  85  46
[316]  85  45  35  36  55  30  85  23  85  54  22  81  13  52  45   9  57  26  70  24  26
[337]  50  77  96   7  57  77  39  40  17  39  70  42  69  16  97  21  84  40  30  96  26
[358]  25  87  42  73  45  16   9  61  81  70   9  36  98  50   7  54  13 100  96  52  96
[379]  50  16  77  91  73  66  56  94  94 100  55  77  81  96  17  73  94  52  69  84  61
[400]  13 100  75  16  62  54  69  63  13  85  21  56  91  30  86  40  17  16  40  62  52
[421]  85 100  23  25  62  46   3  63  69  91  54  56  52  75  45  52  97  69  86  73  77
[442]  30  86   3  66   9  46   7  97  17  94  45  17   7 101  56  66  17  25   3 101  69
[463]  30  50  94  77  66  21  50  52  36  84  75  25  46  82  86  61  77  91  66  24  66
[484]  22  25  17  21  66  56  35  17  54  70  70  58  46  54  35  82   9  57
