Parameters for simulation. Weather from davis data. 
 Run type = standard
traits = day temp precip
best.precip has value 10.000000 
best.temp has value 10.000000 
duration has value 10.000000 
N has value 10.000000 
numYears has value 10.000000 
runType has value 10.000000 
 sds= 
$day
[1] 3.65

$temp
[1] 0.45

$precip
[1] 1

$cutemp
[1] 90

$cuprecip
[1] 6

$daysq
[1] 1332.25

$tempsq
[1] 19.7136

$precipsq
[1] 100

$cutempsq
[1] 2500

$cuprecipsq
[1] 200


 mutrate=
$day
[1] 0.01

$temp
[1] 0.01

$precip
[1] 0.01

$cutemp
[1] 0

$cuprecip
[1] 0

$daysq
[1] 0

$tempsq
[1] 0

$precipsq
[1] 0

$cutempsq
[1] 0

$cuprecipsq
[1] 0


 start=
$day
[1]    1 1095

$temp
[1]   5 135

$precip
[1] 1e-02 3e+02

$cutemp
[1] 0

$cuprecip
[1] 0

$daysq
[1] 0

$tempsq
[1] 0

$precipsq
[1] 0

$cutempsq
[1] 0

$cuprecipsq
[1] 0


 years.index=
   [1]  73  30  56  39  86  46  58  56  46  55  75  25  87  40  55  22
  [17]  25  46  73  91  13  81  45  50  62  91  66  57  25  23  77  52
  [33]  35  58  39  58  18  58  98  30  16  25  91  30  30  69  40  97
  [49]   9  40  17  84  77  39  63  21  54  45  50  30  57  42  54  61
  [65]  55  22  87 100  17  35  94  13 100  21  45  70  69   7  86  94
  [81]  63  70  56  57  66 100  66  40   9   7  52  17  25  75  87  46
  [97]  40  21  66  40  39  94  17  22  86  86  61  98  73  21  98  96
 [113]  18  91  58  98  66  98  84 101  26  69  62  91  55  52  24  54
 [129]  86  69  17  98  23  94  94 101  26  91  94 101 100  24  13  96
 [145]  56  24  55  30  81  75  30  55 100  62  96 101  24  46  86  46
 [161]  45  45  97  13  86  97  69  69  36  35  26  81  91  98   7  18
 [177]  24  25  54  86 100  52  70   7  40  58  62   7  45  55  75  13
 [193]  16  13  85  39   7  25  17  54  82  96  58  16  57  91  84  77
 [209]  57  98  50  84  56  87  35  86  81  97  82  75  98 100  63  16
 [225]  45  56  84  36  25  40  86  55  42  42  55  66 100  63  61  35
 [241]  81  61  46  23  42  58  22  66  87  26  22   7  18  18   3  50
 [257]  77  84  86  50 100  82   9  58  40 101  17  94  54  84  45  35
 [273]  46   3  81  58  56  36  52 100  63  58   3  13  42  42  36  82
 [289]  63  73  73  18  97   3  96  36  50  18  98  26  45  94  55  84
 [305]  13  73  39  40 100  97  23  62  73  54  39  61  63  94  86  86
 [321]  62  18   9  58  39 100  36  16  18  98  66  55  94  69  13  58
 [337]  18  56  42  63  81  87  50  98  26  26  26  94  39  70  96  58
 [353]  30  70  23  42  61  39  17  25  39  24  86  21  45  84  77  66
 [369]   9  73  46  17  30  36  84  30   7  73  96  70  56  61  81   9
 [385]  39  35  61  45 101  70  52  62  54   7  25   3  30  77  54  87
 [401]  21  16  86  16  45  87  21  56  36  57   9 100  56  30  22  57
 [417]  25  77  40  21  96  13  84  39  77  17  96  13  30   3  81  86
 [433]  39  25  66  39  46  84  82  86  61  46  70  50  50  35  94  24
 [449]  69  25  24  75  94  13  84  42   7  58 100  26  82  82  97  45
 [465]  13  16  94  56  54  52  22  86  30  86  26  77  21  40  21  17
 [481]  91  69  56  17  81 101   3  82  46  16  46 101  35  85   7  66
 [497]  97  58  98  81   7  66  63  66  97  40  98  86  97  35  54  24
 [513]  81  87   3  23  18  24  75  24  21  21  98  97  87  84  16  98
 [529]  94  58  57  17  16  82  35  91  21  22  39  86  97  52 101  50
 [545]  55  36  21  84  61  40  16  21  63  62  61  84  24   9  91  40
 [561]   9 101  35  57  86  36  23  62  13  98  82  62  50  86  35  57
 [577]  75  17  22  23  98   3  24  98  46  55  84  50  54  46  81  52
 [593]   3  55  45  77  91  36  18  98   7  82  56  52  36  66  24  52
 [609] 101  23  98  30  18  45  63  77  77  35  70  40  85  58  98  54
 [625]  77  81  69  17  86  17  30  39  58  40  35 100  25   9  23  86
 [641]  46  70  84   3  96  21  69  70  58  39  39  85  73  63  81  91
 [657]  81  86  40  66   7  56  69  42  69  56  24  24  39  36  17  61
 [673]  46  35  96  96  40  75  73  54  54  16  16  40  86  46  50  61
 [689]  69  24  35  54 100 101  13  25  18  46  69  91  77  55  61  54
 [705]  39  70  55  61  86  66  86  82  35  35   3  22  91  86  73  16
 [721]   3   9  45  77  98  56  18  39  94  87  57  86  97  82  81  66
 [737]   7  70  35  98  81  73  81  75  30 100  97  97   7  26  57  35
 [753]  77  25  18  85  36  73  18  96  24  81  30  26  98  56  81  25
 [769]  58  57  25  77  39  98 101  84  70 100 101   9   7  85   7  50
 [785]  85  25  45  18  54  70  63 100  24  94   9  82  70  86   3  45
 [801]  25  50  54  23  52  23  13  21  45  40  70  52  25  35  55 101
 [817]  21  58  56  97  66  13  50  39  36   9  24  91  94  21  98  82
 [833]  16   9  46  61  16  45  85  39  50  91  26  86  36   3  22 101
 [849]  62  82  21  98  97  39  35  91  75  30  35  81 101  56  75  16
 [865]   9  94  26  70  39  58  58  17  62  97  52  36  94   7  81 100
 [881]  85  13  61  91   3  61  58 100  85  35  62  39  35  40   7  94
 [897]  13  55  97  17  73  24  24   3  58  98  54  55 101  35  30  26
 [913]  40  85  98  24  69  16  81  75  17  86  46  35  21  40 101  63
 [929]  56  56  52 100  73 101   3  63  40  26  22  58   3  35  81  16
 [945]  24  58   9   9  85  96  17  26  91  87  21  75  26  98  45  97
 [961]  24  86  85  91  85  94  36  57  62  13  82  91  17  21  25  82
 [977]  21  58  18  52  73  30  77  52  61  42  82  55  21  69  84  69
 [993]   7  23  25  46  81  45  61  69
