Parameters for simulation. Weather from davis data. 
 Run type = standard
traits = day temp precip
best.precip has value 10.000000 
best.temp has value 10.000000 
duration has value 10.000000 
N has value 10.000000 
numYears has value 10.000000 
runType has value 10.000000 
 sds= 
$day
[1] 3.65

$temp
[1] 0.45

$precip
[1] 1

$cutemp
[1] 90

$cuprecip
[1] 6

$daysq
[1] 1332.25

$tempsq
[1] 19.7136

$precipsq
[1] 100

$cutempsq
[1] 2500

$cuprecipsq
[1] 200


 mutrate=
$day
[1] 0.01

$temp
[1] 0.01

$precip
[1] 0.01

$cutemp
[1] 0

$cuprecip
[1] 0

$daysq
[1] 0

$tempsq
[1] 0

$precipsq
[1] 0

$cutempsq
[1] 0

$cuprecipsq
[1] 0


 start=
$day
[1]    1 1095

$temp
[1]   5 135

$precip
[1] 1e-02 3e+02

$cutemp
[1] 0

$cuprecip
[1] 0

$daysq
[1] 0

$tempsq
[1] 0

$precipsq
[1] 0

$cutempsq
[1] 0

$cuprecipsq
[1] 0


 years.index=
   [1]  86  17  50  66  98  26  61  21  98  87  52   3  71  41  42   7  22  38  96  88  13
  [22]   4  78  69  68  66  28  60  49  76  79  22  74  17  40  24   8  53  61  94  26   9
  [43]  61  38  37  75   8  38  11  27  78  46   7  51  83  16  99  58  83  84  59  77  76
  [64]  66  85  66  68  89  30   3  19  83  32  69  43  80  54  98  12  74  82  33  30   8
  [85]  41  38  58  85  95  66  33   4  20  20  37  34  53  25  18  34  50  88  90  21   4
 [106]  72  67  19  99  59   9  24  69   3  92  27  87  43  48   1  42   7  32  82 100   2
 [127]  82  94  23  73  78  37  51  77  65  12  25  68  66   4   8  12   4  62  16  75   2
 [148]  66  35  60  46  16 100  40  60  29   1  47  31  19  11  28  97   4  99  31  47  41
 [169]   7  20  87  71  34  77   9  89  38  34  39  88  68  55  40  54  53  64  64  95  94
 [190]  80  36   4  25  59  96  92  35  66  67  33  38  85  62  93  77  79  21  86  36  35
 [211]  89  56  14  67  93  39  14  71  96  28  21  48  93  59  94  42  70  87  16  37  97
 [232]  29  53  47  37  69  26  89  58  91  88  99  24  49   1  80  28  27  91  95  76  67
 [253]  99  92  95  45  20  39  47  17  35   9   2   8  46  74  53  15  33  39   9  75  46
 [274]  13  53  89  47  27  83  24  56  39  83  40  44  57  99  37  50  20  58  15  49   6
 [295]  76   4  56  23  15   9  45  41  18  73  85  72  46  90  93  73  33   5  46  30  11
 [316]  15  34  34  56  71  65  55  78   1  39  74  28  24  33  55  10  10  63   1  21  76
 [337]  85  49  77  26   2  97  90  12  42  16  55  89  63  65  95  63  83  19   9  27 100
 [358]  29   6  24  38  73  27  42  45  87  52   8  30 100  82  31  84   6  56  48  43  81
 [379]  40  16  52  29  80  40  58  99  60  10  30  89  73  63  53  23  98   4   4  89  67
 [400]  93  66  83  49  90  43  23  47  27  19  44  70  41  34  37  90  52  39  47  51   7
 [421]   4  69  87  13  54  75  12  56  21  65  92  18  41  65  26  88  54  89  43  52   1
 [442]  70  31  92   6  86   5  95   9  77  77  36  34  46  78  78   5  29  33  83   7  16
 [463]  63  33 100  47  77  60  55  87   1  46  27  88  56   4  69  38  20  80   6  29  70
 [484]  67  52  28  86   8  17  65  96  91  67  43  70  63  72  52  68   2   8  72  43  88
 [505]  72   2  49  93  27  84  73  70   9  72  15  27  83  28  20   7  58   1  15  87  15
 [526]  29  51  63  20  85  96  10  50  53  35  54  59  74  89   3  59  84  54  57  54  29
 [547]  88  13  46   7  50  39 100  48  58   1  32  31  87  89  52  28  50  44  22  97  19
 [568]  39  81  20  97  64  56  89  49   9  95  90  30  49  62  70  35  62  32  57  86  80
 [589]  41  40  14  25  44  35  86  24  96  15  12  97  18  52  52  87  98  21  24  92   3
 [610]  26  51  40  55   1  96  89  78  36  54   9  24  35  81  65  60  58  11  26  37  97
 [631]  71  94  33  34  71  65   8  37  85  11  16  86  46  18  60  52  30  74  55  39  20
 [652]  78  55  17  49  92  34  53  84   7  97   3   7  61  51  65  95  38  44  11  26  96
 [673]  40  93  78  90  61   4  11  87  38  85  92  94  72  36  63  14  99 100  53  20  17
 [694]  96  28   4  77  86  99  10  86  18  37  11  71   7  20  18  81  77  98  49  70 100
 [715]  46  22  21  41  50  90  29  71  61  68  86  11  88  49  12  90  54  96  50  97  52
 [736]  27  91  27  85  62  28  51  94  49  42  12  18  76  13  70  63   5  35  50  25  95
 [757]  65  71  60  24  93  20  45  55  92   8  79  69  93  81  42  18   4  16  80  81  93
 [778]   8  55  30  73  64  44  84  33  79  90  99  13  70  17  79  55  44  83   4  41  81
 [799]   2  70  24  82  20  32  33  31  43  67  96  89  97  50  90  71  40  33  31  50  21
 [820]  42  93  22  70  20  59  39  66  21  51  99  82  97  58  74  73  24   3  82  13  52
 [841]  25  17   7  61  60  37  68  47   7  63  75   6  44  25  48  44  26  96  99  25  71
 [862]  94  55  50  12  78  20  64  53  89  93  21 100  98  41  52   6  61  83  94  55  14
 [883]   9  34  63  35  48  36  10   9  80  58  19  39  15  24  96  75  63  38  95  48   8
 [904]  45  29  37  46  78  22  17  96  26  82  47  47  64  93  67  27  71  54  51  40  87
 [925]  48  36   1  23  80  72  87   9  40  67  87  56  81  95  56   4  21  42  59  34  30
 [946]  40  67  81  39  63  46  49  33  10  74  85  67  92  92  24  94 100  37  94  82  41
 [967]  87   7   5  64  94  43  84  31  28  50  53  57  78  71  25  32  41   2  88  58  64
 [988]  22  35  84  42  96  36 100   2  37  45  87  82  41  46  33  26  34  80  34  36  40
[1009]  81  76  50  76  96  85  36  20  95  70  33  21  11  10  16  10  17   3  82  41  66
[1030]  75  27  65  28 100  47  55   2  63  88  80  93  44  11  13   4  91  18  21  60  65
[1051]   6  30  38  37  33  28  31  31  28  67  17  94  99   9  49  19  35  26  18  97  35
[1072]  34  88  95  20  21  76  45  35  67  65  88  83  64  96  95  32  91  23  35  53  77
[1093]  27  46   2  59  23   9  99  11  86  83  58  38  68  49  75  30  27  35  26  82  69
[1114]  69  52   7  83  54   1   8  34  51  76  89  74  35  72   2  21  83  62  17  15  83
[1135]  84  36  96  48  80  21  59  67  17  83  99   5  12  17  44  65  96  93  22  31  50
[1156]  75  51   4  48  40  91  22  11  61   9  50  58  62  84  30  16  59  82  83  50  55
[1177]  65  65  97  50  78  83  25  88  15  44  54  69  23  63  49  77   8  75  79  59  59
[1198]  31  40  44  10  84  88  82  33  56  65  50  16  88  72   3  77   2  78  40  81  20
[1219]  84  41  69   1  87  18  55  28  97  23  11  19  56  39  43  51  47  19  69  19  22
[1240]  37  14  62  89  32  68  91  27  30  76  86   7  45  38  37  42  28  66  70  77  68
[1261]  20  53   6  90  73  22  23  86  39  84  18  27  26  85  45  69  61  96  22  66  13
[1282]  17  92  35  90  14  40   2  49  77   5  18  88  54  20  91  70  24  94  11  31  45
[1303]  85  73  18  28  68  98  35  21  81  15  52  98  72  32  20  61  47  55  76  15  30
[1324]  98  72  15  34  47  64  87  86  37  71  95  20  37   8  68  21  52  43  82   5   7
[1345]  83  91  88  25  54  23  68  40  85  81  26  38  27  11  45  63  36  79  41  86  96
[1366]  86  23  75  99  89  57  21  95   6  71  55  29   9  62  48  47  40  96  16  42  20
[1387]   6  11  86  81  33  52  46  20   1  21  64   1  83  80  17  94  78  64  75  42   8
[1408]  40  47  10  82  85  86  78  82  35  26  24  73  56   9  66  30  21  49  66  45  23
[1429]  38  24   9  88  74   5  50  39  77  58  95  62  57   4  16  91  12  81  86  53  70
[1450]   5  30  40  12  14  50  90  82  76   3   2  31  76  39  71  23  32  68  70  78  86
[1471]  22  13  63  80  27  39  84  81  11  85  97  46  50  62  79  23  21 100  26  89  34
[1492]  66  95  88  62  30  71  70  69  77  23  24  42  41  40  81  47   5  40  67  57  40
[1513]  17   2  20  43  86  15  73  65  13  45  68  69  25  74   5  43   4  65  54  75  10
[1534]  36  48  56  29  18  58  82   7  54  22  97   3  45  69 100  84  16  56  10  46  86
[1555]  40   3  96  60  11   9  38  33  13  89  92   3  67  97  60  22  82  84  98  71  49
[1576]  84   8  13  72  19  29  37   5  71  34  25  14  56   9   4   4  99  38  65  37  69
[1597]  86  83  97  11  41  90  73  88  16  17  18  84  88  97  52  60  62  36  34  10  45
[1618]  40  66   3  45  21 100  63  67  93  56  16  54  76  11  89  42  53  13  40  81  39
[1639]  64  70  95  33  31  63  59  62  92   7  40   4  59  32   7  36  74  58  56  16  44
[1660]  19   7 100  55  68  37  53  94  55  21  22  74  37   9  33  63  67  74  81  45  31
[1681]  17  38  56  46  65  43  96  41  81   2  55  86  83  48   5  88   2  76  79  18   8
[1702]  46   7  13  28   7  33  50  40   1  42  21  49  59   2  65  71  20  27  44  25  37
[1723]   2  85  72  44  18   8  41   8  49  33  88  55  41  11  69  32  19  15  61  70  80
[1744]  40  23  89  36  64   3  16   3  68  25  14  88  65  73  76  13  66  30  63  93   1
[1765]  77  35  40  82  39  19  36  73  79  13   7  33   1  25  46  66  99   4  39  28  48
[1786]  26  96  94  25  22  59  31  61  78  83  48   7  16  59  29  32  88  31  38  90  37
[1807]  34  12  94  92  33  69  68   3  56  18  68  46  45  59  42  18  15  92  74  91  46
[1828]  39  59  24  68   4   2  91  85  90  16   6  84  30  17  53  97  39  35  51  61  49
[1849]  98  76  93  38  43  76  21  35  32  78  28   1  31  51   4  38  10  10  86  13  82
[1870]  87  23  51  14   4  72  43  87  79  12  79  38  22  84  35  65   1  60  64  69  11
[1891]  47  42  28  92  52  92  89  11  37  83  51  69  16  99  94  46  33  93  48  41  25
[1912]  19  87   8   5  72 100  93  36  31  70  73   2  48  26  21  66  16  19   5   6  38
[1933]  78   3   6  71   5  83  48  13  96   7  63  31   3  35  44  49  54  85  84  45  65
[1954]  30  44   9  69  59  96  61  78  90   9  69  80  41  27  55  63   7   3   5  96   1
[1975]  40  98   3  51  15  25  25  32  69  54  71  47  54  76  63 100  61  58  35  10  10
[1996]  19  91  68   9  67   5  94  40  93  78  58  80   9  66  81  87  18  39  31  76  60
[2017]  45  89  58  63  64  73  21  47  14  77  50  73  10  94  78  45  84  66  49  40  97
[2038]   8  47 100  66  91 100  47  47  19  73  67  42  19  12  38  77  30  37  38  73  66
[2059]  56   2  73  47  74  73  42  88  64  36  15  45  22  18  67  16  23  94  30  83  38
[2080]  94  54  64  81   9  86  60  80   8   7  60  79  77  57  97  91  78  68  40  58  21
[2101]  35  27  36  75  72   3  60  91  32  47  73  83  97  78  96  42  22  34   4  17  22
[2122]  44  41  90  75  96  32  61  62  71  82  14  82  50   3  13  98  14  79  49  15  58
[2143]  51  89  94  40  44  13  39  38  54  49  79  97  71  43  47  44  96  11  88  88  31
[2164]  48   4  11  79  48  40  42  92  18  77  40  15  51  69  43   7  19  43  13  70  90
[2185]  38  52  93  72  85  81  31 100  40  95  85  27  25  31  51   2   2   1  55  98  84
[2206]  43  16  48  49   8  81  59  55  46  71  78  44  59   8  71  60  70  37  69  43  49
[2227]  94  89  76  29  12  78  45  74   8  62  88  39  67  73  60  63  46  55  63  90  39
[2248]  47  64  72   7  91  84  54  25  46  42  21 100  72  72   3  92  84  91  42  42  87
[2269]   7   8  61   3  12  83  47  13  15  37  57  35   8  56  25  58  24  23  75  38  90
[2290]  32  34  76  46  88  17  99  76  37  18  53  12  96   4  19   6  44  61  58  30  92
[2311]  74  40  98  73  13  71  42  64  68  97  94  40  71  96   3  85  60  65  87  66  72
[2332]   6  73  25  43  79  29  39  74  42  17  44  71  33  42  55  31  88   1  92  54  99
[2353]  87  38  53  43  42  97  82  26  95  10   9  14  91  99  32  85  23  86  12  67   1
[2374]  94   1  20  25  29  21  32  90  44  57  27  33  34  11  34  26  30  40   3  10  51
[2395]  15  85  18  44  62  81  28  23  61  89  26  91  53  18  23  88  46  95  61  66  94
[2416]  49  20   9  70  78  25  68   6  91  30   8  62  65  45  75  45  36  31  90  14  38
[2437]  54  34  35   5  84  19  54  82  96  41  71  67  24  72  96  52   2   6   5   2  85
[2458]  99  53  82  57  53  63  27  77  93  66  75  15  85  78   1  45  18  65   6   9  53
[2479]  55  76   8  82  92  37  22  87  59  27  91  96  53  29  86  40  76  76  14  91  19
[2500]  41  15  10   2   4  53  51  16  89  59   2   7  20  90  83   3   7  23  71  30  73
[2521]  74  53  82  39  51  23  74  76  52   5  32   3  75  49  58  92  62  80  51  81  82
[2542]  85  50  19  30  25  76  37  23  93  20  18  18  28  17  50 100   3  85  54   6  52
[2563]  75  91  33  21  83  36  69  91  37  36   3  12   7  19  41   5  50  67   2  11  32
[2584]  34  30  98  73  75  46  62  41  64   2  40  59   2  61  19  74  10  63   8  64  31
[2605]  65  91  61  47  49  81  10  65   1  21  49  57  90  69  11  16  93  85  72  85  66
[2626]  37  12  85 100  89  41  92  27  79  58  37  99  74  84  32 100   5  91   1  46  87
[2647]  92  55  86  24  28  24  76  50  18  35  46  68   4  86 100  54  52  35  16  54  46
[2668]  28   9  28  92  86   8  83  63  97  27  44  84  65  58  99  59  14  18  73  92  41
[2689]  23  30  21  80  24  18  68  10   4  84  95  88  62  76  40  60  29  47  34  59  58
[2710]  43 100  20  39  23  14  99   5   6  10  68  36  27   1  34  35  47  61  49  36  33
[2731]  44  14  79  25  69  95  79  71  83  53  31  50  46  64  84  23  46   8  15  35   5
[2752]  67  37  44  35  69  16  31   9  12  49  43  76  94  29  47  61  59  47  97  82  35
[2773]   4  44  95  36  54  64  69   9  43  63   9  58  74  50  88  92  23  57  45  62  69
[2794]  47  42  35  35  67 100  56  20  22  28   6  62  98  44  94  44   2  42  51  45  84
[2815]  76  58  17  29  59  26  15  15  83   4  93  32  14  27  65  29  60  72  67  60  79
[2836]  71  98   1  35  92  30  68  15  47  75  20  58  74  80  70  58  95  23  41  40  50
[2857]  55  11   8  64   1   1  16  24  12  86  28  65  59  53  40  11  91  14  17  45  62
[2878]  57  56  19  12  83  24  83  30  95  18  73  54  90  18  87  57  97  57  33  83  71
[2899]  44  54  15  58  46  94  11  57  35  55  60  47  25  75  57  83  57   1  38  95  48
[2920]  48  30  48   3  88  24  16  37  91  92  21  79  74  15  13  14  90  75  94  19  68
[2941]  49  92  33  80  77  24  64  12  48  80  59  53  16  46  82  74  71   1  81  99  88
[2962]  58  47   9  49  61  83  24  28   7  80  43  73  76  95  17  81  42   4  47  12  83
[2983]   8  89  15  87  12  70  51  62  88  11   5  20  72   6  96  11  61  36  34  89  21
[3004]  46  83   4  55  20   4  64  27  62  78  96  35  19  98  14  26  89  42  67  87  87
[3025]  29   5  21   4  35  68  18  12  62  85  95  99  11   6  47  62  70  81  56   8  86
[3046]  30  72  31  24   4  64  99  65  59  33  41  60  67  14  77  20  79  14  83  81  30
[3067]  93  75  17  69  54  21   1  67  57  53  15  43  38  25  40  59  19  35  51  20  31
[3088]  60  58  55  15  27  16  39  15  20 100  28  90  67  65  60  91  80  66  57  41  99
[3109]  84  36  74  39  51  97  17  26  67  89  81  55  32   3  41  13  85  66   3  94  38
[3130]  53  23  49  69  30  79   6  89  63  20  15  88  83  47  88  34  86  39   5  58  29
[3151]  10  21  24  29  42  35  49  32 100  81  48  85  35  29  55   1  84  77   3  89  32
[3172]  22  14  89  44  68   2  49  59  68  54  47  63  33  86  55  35  90  27  33  26  11
[3193]  31  59  27  42  42   3  97  56  52  21  96   5  95   7  28  41  41  89  31  68  33
[3214]  86  52  82  34  48  49  33  59  73  95 100  16  65  77  74  49  42  74   3  29  31
[3235]  35  30  16  63   2   1  65  47  99  98  31  54   1  72  59  91  28  43  93  75  37
[3256]  91   7  89  37  57  62  96  63  29  33  78  67  10  52  69  98   3  80  93  85  25
[3277]  47  32  80  50  85  69  82  78  24  29  33  58  22  25   6  81  81   8  40  88  31
[3298]  31  51  33  89  46  26  17  45  40  41  88  35  52  75  39  97  19  50  87  25  88
[3319]  59  90  25  41  13  80  91  87  89  90  56  78  99  85   8  62  49   5  87   3  32
[3340]  86   6  85  55  68  81  64  44  86  18  43  76  95  29  11  56  53  56  31  61  96
[3361]  52 100   5  81  45  11  90  54  52  21  83  38  69  22  81 100  12  90  95  40   1
[3382]  87  19  25  23  95  20  34  45  28  89  49  19  95  78  50   8  38  98  88  47 100
[3403]  15  12   4  46  36   7   3  64  78   9  97 100  39  42  24  28  91   7  17  77  57
[3424]  83  87  74  19  48   8  67   9  72   9  10  34  55  18  50  12  34  42  61  16  81
[3445]  75  23  72  22  43  57  85  18  69  35  49  28  94  48  93  62  96  19  69  56  76
[3466]  28  65  14  41  50  22  66  46  12  88  50  86  12  41  29  10  98  50  28   4  45
[3487]  65  85  97  19  88  23   2   7  95  31  90  37  26  41  64  85   9  65  81  25  92
[3508]  93  50  98  65  20  77  93  29  38  92   8  53  55  46  62  68  86  95  70  66  45
[3529]  29  85  13  92  76  91  58   3  70  99  54  11  11  35  19  31  87   3  19 100  74
[3550]  95  27  66  31  61  27  63  33  20  14  97   8  68   1  44  47   3  78  20  47  35
[3571]  33  61  83  63  92  26  42  46  33  49  73  66  53  51  48  20   3  86  29  70  71
[3592]  62  73  60  26  50  25  32  31  57  78  93  29  13  47  22  42  15  21   3  59  58
[3613]  75  12  69  63  47  90  12  48 100  88  70  12  66  87  14  74  45   4   5  76  71
[3634]   8  66  27  22  64  66  58  96  17  71  62  98  62  17  36  54  82  80  15  90  51
[3655]  36  41   7  31   3  77  42  93  68  18  90  73  86  18  95  22  47  50  82  47  68
[3676]  23  27  82  90  44  32  78  77  98  35  11  65  25   5  42  80  50  44  31  72  73
[3697]  43  24  54  38  86  43  73  30  15  34  52  76  79  14  17  42  15   2  50   8  71
[3718]  22  33  47  80  16  88  64  67  27   1  26  89  84  61  39  38  68  19  28   2  66
[3739]  26   3  51  21  18  25  12  98   3  91  52  34  61  80  29  92  43  95  17  70  34
[3760]  36  98  76  24  50  14  64   7  78  78  76  82  85  24   6   7  96  40  78  39  38
[3781]  36  47  62   1   1  20  54  24  56  24  71  66  61  75  64  50  65  82  45   6  61
[3802]  71   9  62  96  59  96  47   6  82  98  92  65   2  25  85  90  28   6  93  63  41
[3823]  87  16  26  87  75  17  74  36  41  61 100  73  48  43  84  58  52  74  46  80  29
[3844]  86  12  28  44  97  86  59   8   6  80  16  97  76  67   5  53  56  59  28  46  67
[3865]  81  22  91  59   4  25  97  98  32  19  51  56   2   1  38  29   9  86  53  26  48
[3886]   5   4  85  29  65  64  58  39  10  17  48   2  96  27  51  44  90  33  66  84  32
[3907]  36   3  97  38  58  32  47  28  36  57  35  50  21  43  28   9  58  50  18   4   2
[3928]  24  16  59  94 100  18   7  27  79  99  31  86  67   7  18  96  37   3  80  53 100
[3949]  85  16  51  57  65  30  37  26  85  51  39  70  81  86  55  30  66  31  46  34  88
[3970]  59  52  25  18  72  91  89  20  11  93  22  65   2  32  15  63  87  10  55  31  61
[3991]  72  73  76   4   8  28  54  78  14  33  38  20  47  89  88  51  99  60   7  56  99
[4012]  38  97  63  74  72  52  95   7  28  69  30  35  81  66  21  57   9  76  91  35  59
[4033]  98  22  25  47  72  31  31  85  92  39  19  59  27  16  93   2  62  98   1  56  41
[4054]  42  58  83  61   6  75  97  21  28  43  72  38  64  48  39  86  14  67  14  25  54
[4075]   4 100   6  82  71  40  19  42  81  74  59   6  48  35  39   1  38  91  48  94  44
[4096]  71  26  54  34  14  92  83  83  54  78  30  14  30  93  22  76  58  33  86  49  83
[4117]  32  31  22  74  78  31  13  40  10  85  45  59  12  79  91  71  71  67  53  17  62
[4138]  80  23  42  24  39   1  89  19  74  11  91  42   7  92  69  36   2  73  20  50  76
[4159]  48   2   3  33  47  86  54  83  75   2  35  91  83  94  71  88  32  56  14  94  58
[4180]   4  58  23  26  35  38  88  60  67  35  14  17  19  69  59  61   1   8  63  76  81
[4201]  79  46  70  62   6  56  52  50  83  83  74  46  59  79  50  77  54  22  72  55  62
[4222]  30  69  59  65   5  49  97  86  21  92   9  68  44  33  88  19  39  54  99  26  37
[4243]  29  43   7   2  20  16  16  93  10  34  77  84  60  28   7  64  57  55  97  45  35
[4264]  20  43  75   5  39  95  62   5  17  37  58  52  37  96  39  75  63  70  44  64  87
[4285]  75  41   2  96  51  34  61  35  26  85  10  73   3  40  43  78  11   8  23  68   8
[4306]  70  67  16   5  42  46  70  52  11  31  21  75  90  36  10  91  49  87  27  48  99
[4327]  64  91   8  60  70  84  55  11  49  93  85  29  90  76  97  17   8   7  51  54  70
[4348]  46  72  41  50  18  60  52  16  28  35  87  74  31  84   6  42  64  10   4  84  33
[4369]  33  90  65  64  65  60  45  13  88  65  68  48  33  78  10   1  61  68  33  68  38
[4390]  14  50  42  98  73  91  78  54  15  68  71  81  56  83  46   1  85  54  81  11  18
[4411]  93   3  73  22  12  25  78  17   3  67  87  18  67  55  73  71  25  93   4  42  66
[4432]  90  53  13  27  74  83  85  22  22  86  63   8  95  43  20  44  32  86  24   7  62
[4453]  23  77  49  28  95  55  10  59  67  99  13  15  92  86  65  72  47  80  90  86   1
[4474]  81  78  65  52  40  45  36  54  58  20  88  45  71  86  51  81  23  82  83  93  55
[4495]  88  50  84  17  14  65  58  92  99  93  58   7   1  73  56  90  35  40  37  38 100
[4516]  92  18  41  47  12  16  13  86  88  67  93  16  57  67  17  25  43  66   2  98  91
[4537]  77  97  28  44  70  97  95  57  57   3  33  11  24  27  14  39  91  51  13  56  81
[4558]  59  44  26   4  53  92  42  40  66  15  25  41  18  55  78  70  43  92  47  39  83
[4579]  67  31  39  14  28  49   1  18  35  84  89  87  15  69  80  50  68  17  12  87  71
[4600]  21   3  83  98  13   7  87  22  33  23  33  13  41  71  44   7  40  36  65  86  51
[4621]  27  82   5  45  57  21  67  96   2  70  43  12  82  65  47  98  56  77  38  23  83
[4642]  86   8  73   4  39  16  75  27  36  56  34  34  97  28  33  40  90  94   7  16  52
[4663]  95  42  84  94  73  23  13   2  98  68  22  13  59  56  52   9  47  46   9  90  31
[4684]   4  37   8   6   2  32  51  89  42  88  13  62   3  89  83  42  91  56  25  33  32
[4705]  34  50  50  48  56  29  59  34  58  31  77  44  57  47  16   6  99  52  85  77   1
[4726]  44  74  86  96  42  99  63  50  65  90  62  29  53  17  53  41  88  49  93  68  32
[4747]  10  88  36  65  35  75  29  72  68  26  59  67  96  53  92  37  16  85   6  32  29
[4768]  59  62  89  28  46  88  83  16  68  28  10  30  35  62  30  53  29  84  29  32  39
[4789]  36  21  86  88  38   5  74  73  94  44  67  70  84  51  48  40  24  95  34  27   7
[4810]  78   9  71  31  61  62  55  99  23   3  62  83  74  77  22   9  32  47  58  47  52
[4831]  39  28  87  67  38  40  46  92  98  77  84  79  87  15  50  25  25  57  64  38  41
[4852]  31  58  57  14  44  83  34  53  97  27  63  38   1  25  69  19  48  11  78  76  59
[4873]  75   8  66  33  67  80  85  19  41  91  70  61  95   8   1  87  12   3  60  93  62
[4894]   7  30  82  76  43  87  97  36   7 100  39  88   1  12  16  28  47  47  13  44  37
[4915]  11  76  82  80   4  59  35  27  79  33  26  99  47  38  10  93  49  73  43   5  90
[4936]  85   4  77  88  18  38  94  18  14  17  74   7  19  69   7  62  13  54  65  12  15
[4957]  64  52  12  20  83  38  87  22  49  28  57  28  45  12  70  14  96  80   4  36  69
[4978]  39  31  37  16  98  26  24   8  52  49  71  42  68  75  32  96  54  38  82  96  50
[4999]  19  94
