Parameters for simulation. Weather from davis data. 
 Run type = standard
traits = day temp precip
best.precip has value 10.000000 
best.temp has value 10.000000 
duration has value 10.000000 
N has value 10.000000 
numYears has value 10.000000 
runType has value 10.000000 
 sds= 
$day
[1] 1.825

$temp
[1] 0.225

$precip
[1] 0.5

$cutemp
[1] 45

$cuprecip
[1] 3

$daysq
[1] 666.125

$tempsq
[1] 9.8568

$precipsq
[1] 50

$cutempsq
[1] 1250

$cuprecipsq
[1] 100


 mutrate=
$day
[1] 1

$temp
[1] 1

$precip
[1] 1

$cutemp
[1] 0

$cuprecip
[1] 0

$daysq
[1] 0

$tempsq
[1] 0

$precipsq
[1] 0

$cutempsq
[1] 0

$cuprecipsq
[1] 0


 start=
$day
[1]    1 1095

$temp
[1]   5 135

$precip
[1] 1e-02 3e+02

$cutemp
[1] 0

$cuprecip
[1] 0

$daysq
[1] 0

$tempsq
[1] 0

$precipsq
[1] 0

$cutempsq
[1] 0

$cuprecipsq
[1] 0


 years.index=
   [1]  11  17  65  31  35  41  35  26   3  74  63  29   6  35  61  59  20  95  13  27
  [21]  24  48   8  34  45  81  25  42  84  93  84  50  84  84  48  79  77  93  20  82
  [41]  46  77  52  69  13   7  61  75  22  96  85  75  94  13  64  47  90  55  97  33
  [61]  43  56  40   5  22  66  39  29  44  50   4  53   8  53  41  71  66  46  15  10
  [81]  82  66  78  39  90  82  13  16  78  94  26  91  66  13  21  33  65  57  26  83
 [101]   4 100  37  80  41  69  19  67  65  98  34  73  54  11  50  28  36  74   2  25
 [121]  85  59  92  78  90  85  60  94   6  90  24  58  34  14  58  26 101  14  11  19
 [141]  44  92  99  36  61  30  86  48  31  84  99  11  13  38   6  31  14  84  18  99
 [161]  11  91 101  27  12  42  44  45  38   1  96  14  14  70  53  40  67  38  23  19
 [181]  95  92  38  73  83  31  53  65  79  60  98  93  94  56  48  29  11  72  24   8
 [201]   2 101  57  61  87  49   2  63  85  56  22  44  93  57  63   8  95  33  83  15
 [221]  15  52  59  41  99   9  97  99   9   7  34  69  13  75   9  23   3  36   7  93
 [241]  71  52  25  89  52  86  14   7  41   5  52  59  33  24  58 101   5  76   1  60
 [261]  13  58   5  87  19   8  58  98  90  88  67   2  11  71  56  97  30  80  71   2
 [281]  54  25  23  93  88  74  90   3  25  99   7  62  40  53  49  75  26  34  42  43
 [301]  68  73  91  35  99   7  31  47  27  36   6  48  69  67  53  90  55  57  42  50
 [321]  65  26  62  32   8  26  88  90  50 101  30  94  94 101  16  32  87   1  22  62
 [341]  51  94   9  35  72  71  57  19  68  54  82  35  54  96  16  29  79  82  29  65
 [361]  65  60   9  86  11  35  63  90  75  13  59  58  67  28  47  33   7  32  19   8
 [381]  89  47   4  92  60   7  55  67  39  27  52  59  60  87  30  51  20  23  48  76
 [401]  16  92  17  62  37  70  14  21  62  66  65  26  40  34  49  76  89  61  14  71
 [421]  24  91  32  69  68  29  16  50  13  22  37  84  69  13  91  35  84  55  62  98
 [441]  86   2  75   8  47  69   5   1  78  34  24  58  16   9  61  79  34   1  46  16
 [461]  75  94  35  93  88  53  35  77  72  50   1   8  18  83  13   7  39   8  59  37
 [481]  83  65  73  38  87  34  79 101   1  95  69  16  57  53  97  54  99  55  68  33
 [501]   8  66  68  60  48  66  52  80  67   6  59  81  59  39  11  76  19   4  64   4
 [521]   7 101  10  51  44  29  52  32   5   1 101  99  21   9  70  93   7  15  95   6
 [541]  45   1  99  59  53  46  87  98  55  35  39  42  93   2  75  39  70  94  20  86
 [561]  97  95  29  30  66  42  44  57  40   7  48   3  59  27  98  48 101  55  83  82
 [581]   5  30  61  25  65  63  69  93  57  69  79  74  28  53  41  98  78  80  86  99
 [601]  31  84  36   9  14  31  38  88  30  67  87  35  83  47  29  93  84  55  89  47
 [621]  61  71   5  93  24  60  69  82  16  90  25  66  36  38   3  90  88  67  95  72
 [641]  79  57  75  63  53  71  78  37  79  52  88  85  91  36  90  59  19  53  62   6
 [661] 100  12  68  76  99  35  70  76  24  28   6  56  86  86  25  59  39  78  32  27
 [681]  43  82  22  88  18  78  57   4  53  22  85  29  56  10  59  98  72  76  34  69
 [701] 101  37  85  44  95  51   9  53  79  26  82  99  56  71   1   8  78  67  56  23
 [721]  70  34  57  42  54  72  92  53  23  45  97   3  86  86  89  86  99   5  37  74
 [741]  20  94  62   3  67  90  81  95  18  96  80  54 101  27  52  67 100  69  87  20
 [761] 101  75   5  27   6  95  26  27  16  90  33  66  87  84  17  33  51   3   5  60
 [781]  51  52  22  69  82  58  73  35  16  68  63   5  15  13  45  44  41  77  51 101
 [801]  43  22  89  26  66  32  84  31  60  84  20  67   2  75  10  25  65  64  31  47
 [821]  10  52  58  21  17  69  16  23  15  73  44  96  71  27  12  28  96   5  65  26
 [841]  65  41   5   5  24  12  33  84  44  76  18  15  35  74  82   7  12  79  83  80
 [861]  16  77  45  22  93  37  82  56  55  24   5  71  56  60   8  39  68 101  51  92
 [881]  38  25 101  48  54  14  65  57  94  28  39  27  37   4  44  64  59  38  43  72
 [901]  12  91  46  26  72  90  92  52  78  91  79  85  16  60  57  52  66   6  93  76
 [921]   9  43  69  35  37  28  37  30  57  83 101  54   8  99  89  78  83  62  50  14
 [941]  44  10  72  12  40  61  13 100  18 100  65  65  19  35  52  87  74  77  67  60
 [961]  50  34   2  92  46  43  49   5  63  18  66  62  40  98   2  54  19  27   4  35
 [981]  55  87  70  79  37  78  81  57  84  97  28  69  22   6   9  99  12   9  19  58
