Parameters for simulation. Weather from davis data. 
 Run type = standard
traits = day temp precip
best.precip has value 10.000000 
best.temp has value 10.000000 
duration has value 10.000000 
N has value 10.000000 
numYears has value 10.000000 
runType has value 10.000000 
 sds= 
$day
[1] 3.65

$temp
[1] 0.45

$precip
[1] 1

$cutemp
[1] 90

$cuprecip
[1] 6

$daysq
[1] 1332.25

$tempsq
[1] 19.7136

$precipsq
[1] 100

$cutempsq
[1] 2500

$cuprecipsq
[1] 200


 mutrate=
$day
[1] 0.01

$temp
[1] 0.01

$precip
[1] 0.01

$cutemp
[1] 0

$cuprecip
[1] 0

$daysq
[1] 0

$tempsq
[1] 0

$precipsq
[1] 0

$cutempsq
[1] 0

$cuprecipsq
[1] 0


 start=
$day
[1]    1 1095

$temp
[1]   5 135

$precip
[1] 1e-02 3e+02

$cutemp
[1] 0

$cuprecip
[1] 0

$daysq
[1] 0

$tempsq
[1] 0

$precipsq
[1] 0

$cutempsq
[1] 0

$cuprecipsq
[1] 0


 years.index=
   [1]  52  55  25  81  98  24  24  54  69  97  61  23  81  25  84  77
  [17]  75  24  23 100  75 101  97  61  52   9  87  56  73  13  52  86
  [33]   9  45  70  52   7  24  58  86  66  85  66  13  58  54  75  63
  [49]  61  25  66  61  18  58  94  73  97  94 100  23  23  87  50  21
  [65]  52  98   9  75  62  81  91  61  30  86  50  36   3  24  56  23
  [81]  62  26 100  23  75  77   7   9 100  17  26  23  57  97  22  36
  [97]  82  26   9  50  77  23  94  69   9  82  57 101  84  13  62  57
 [113]  94  70  39  69  16  35  75  86  26  35  40  42 101  81  63  91
 [129]  86  54  56  86  22  55  58  23  66  55  77  30  22  69  82 100
 [145]  97  30 101  23  87  84  86  94  21  96  77  98  97  13  69   7
 [161]  86  91  96  96  21  84  82   7   9  26  84  25   7  57  63  35
 [177]  50   3  84  30  16  84   9  24  69   7  66  36  26  69  86  16
 [193]  97  26  23  66  16  77 101  39  96  96  87  87  58  50  70  96
 [209]  69  77  86  52  21  36  82  35  35  16  52  35 101  98  26  86
 [225]  85  97  40   9  52  62  55  69  18  21   3  82  82  70  58  16
 [241]  40  16  40  66  22  61  56  24  25   3 101  18  77  56  13  75
 [257]  52  70  16  97  73  56  17  81  57  96  26 101  24  82  66  66
 [273]  13  84 100  40   9  52 100  66  16  54  98  46  25  58  81  26
 [289]  57  52  55  81  82  55  18  63  82  81  77  84  13  55  97  54
 [305]  25  82  50  98  24  52   9  50   3  40  22   7  18  81  23  42
 [321]  21  50   9  24  85 100  70  70  82  13  57  58   9  36  69  91
 [337]  35  45  36  66  30  69  91  40  91  46  54   7  96  96  39  84
 [353]  24  17  18  54   9  35  54  16  45  22  23  66  70  25  16  40
 [369]  82  70  23  84  81  50  73  18  18   7  50  24  94  69  42  73
 [385]  24  63  57  57  91   7  66  39  87   3  21 100  52  58  86  66
 [401]  94  96  56  39  94  62  66  23  50  87  45  73  35  35  39  75
 [417]  82  39  56  97  30  26  57  58  69  97  25  56  18  21  23  17
 [433]  25  69  24  98  94  45  16  25  85  75  57  46  56  81  96  36
 [449]  58  73   7   9 101  66  52  26  98  69  30  75  98  98  39  70
 [465]  84  22  22  94  82  46  57  75  56  35  63  39  26  26  55  96
 [481]  50 100  18  63  82  96  24  17  75  22  56  35  75  50  24  50
 [497]  70  16  70  98  30  50  77  55  57   7   7  94  13  69  52  98
 [513]  22  96  61  98  66  16  13 100  23  57  24   7  54  77  97  66
 [529]  18  13  52  22  39  75  94  22  91  40  18  54  16  54  42  30
 [545]  86  30  82  87  73  87  75  87  97  22  30  66  26  36  40  16
 [561]  85  55  85  52  30  16   3  85  84  77  69  63  36  66  25  22
 [577]  55  13  86  75  40  24  87  91   9  23  16  61  42  25  22  46
 [593] 101  87  66  81  58  94  55  96  98 100  46  42   3  66  17  21
 [609]  22  39  82  24  45  82  39  46  91  77  13   3  45  25  16  40
 [625]  50  84  17  91  81  39   7  61  52  62  81  57  97  58  13  40
 [641]  42  81  81  62  63  61  46  91  55  46  16  97  52  46  13  50
 [657]  54  96  85  26  97  62  66  46  58  58  86  13  30  55  77  57
 [673]  23  36  52  45  63  63  57  57  52  56   3  96  75  61  50 100
 [689]  25  52  25  21  52  45  82  46  81  22  21  87  75  91  40  96
 [705]  45  70  50  73  82   7  81  42  85  63  86  98  13  73  46 101
 [721]  50   3   7  77  91  77  22  18  22  25  98  21  39  23  24  42
 [737]  50  55  57  82  86  69  73 101  69  24  61  62  52  66  69  82
 [753]  97  25  73  40  22  75  69  84  70  45  61  40  25  18  98 100
 [769]  35 100  84  97  23  36  40  96  18  98  50  70  66  61  63  91
 [785]  17  40  54  75  13  98  66   9  30  56  87  23  86  73  40  58
 [801]  82  25   3  25 101  98  70  55  57  69  82  17  23  73  56   7
 [817]  17 101  16   3  52  82  16  75  63  87  87  75  13   9  57  56
 [833]  22  94  25  42  61 100 100   7  63  45  75  36  63  91  39  97
 [849]  91  35  97  52  82  24  96  45  57 101  66  91  70  94  66  40
 [865]  30  30  69  40  26  85  96  26  54  39  45  35  50  55  30  77
 [881]  62  70  87  97  22  69  55  57  40  91  98  96  73  82  16  54
 [897]  35  25  61  70  25  23  39  77  36  18  87  63  94  18  13  22
 [913]  84  57  30  18  86  55  73  58  55  50  17  91  91  56  46 101
 [929]  23  61  66 101  18  18  73  52  50  18  97  18  16  69  26  63
 [945]   9  52  22  39  25  24  24  77  17  86  81  86   7  18  96  23
 [961]  50  91  85  96  23  91   9   7  57  85  23  50  62  55  56  23
 [977]  52  73   3  17  39  13  16  36 100  57  42  46  63  69  24  96
 [993]  36  22  45  96  63  87  39  73
