Parameters for simulation. Weather from davis data. 
 Run type = standard
traits = day temp precip
best.precip has value 10.000000 
best.temp has value 10.000000 
duration has value 10.000000 
N has value 10.000000 
numYears has value 10.000000 
runType has value 10.000000 
 sds= 
$day
[1] 3.65

$temp
[1] 0.45

$precip
[1] 1

$cutemp
[1] 90

$cuprecip
[1] 6

$daysq
[1] 1332.25

$tempsq
[1] 19.7136

$precipsq
[1] 100

$cutempsq
[1] 2500

$cuprecipsq
[1] 200


 mutrate=
$day
[1] 0.01

$temp
[1] 0.01

$precip
[1] 0.01

$cutemp
[1] 0

$cuprecip
[1] 0

$daysq
[1] 0

$tempsq
[1] 0

$precipsq
[1] 0

$cutempsq
[1] 0

$cuprecipsq
[1] 0


 start=
$day
[1]    1 1095

$temp
[1]   5 135

$precip
[1] 1e-02 3e+02

$cutemp
[1] 0

$cuprecip
[1] 0

$daysq
[1] 0

$tempsq
[1] 0

$precipsq
[1] 0

$cutempsq
[1] 0

$cuprecipsq
[1] 0


 years.index=
   [1]  81  84  50  96  55  85  52  36  75  82  42  77  45  81  17  50
  [17]  69   7  18  25  63  70  87  13  63  73  97  18 100  70  55 100
  [33]  16  13  86 101  56  66  73  26 101  61  46  86  52  54  85  56
  [49]  86  70  57  40  42  98  45  84  40  24  13  17 100   7   7  13
  [65]  73  61  82  70  77  61  84  55  98  58  57  96  55  54  24  81
  [81] 101  86  25  96  97  86  42  61  66  84  77  13  58  66  45  39
  [97]  84  84  13  55  42   3  97  26  36 100  56  55  62  39  21  56
 [113]  45  69  39 101   9  22  73  22  23  45  70  17  84  81  70  17
 [129]  96 101  56  40  30   3  84  55  52  61  24   7  16  22  35  70
 [145]  40  73  81  94  58  45  23  42  87  35  56  50  13  35  35  87
 [161]  61 101  75  63  82  40 100  94  42  84  21  84 100   3  66  30
 [177]  81  81  17  56  75  66   3  94   9  35  25  56  17  66  24  87
 [193]  23   9  42  39 100  63  73  96  30  23  73  61  36  62  69  70
 [209]  46  98 101   3  75  22  86  81  62  98  87  70  58  98  42  96
 [225]  58  52  86   9  42  55  56  73  45  77  46  50  35  46  85  82
 [241]  26  22  35 100  62  30  13  26  30  58  87  56  81  96  55  86
 [257]  16  75  77  61  22   7 100  63  81  84  36  82  21  81  26  87
 [273]  75  86  52  24  58  86  22  69  24  30  85  52  75  97  70  40
 [289]  57 100  85  73  13  39  45  77  35   3  55  23  81  26  45  57
 [305]  61  57  52  39  62  70  75  21  26  22  54  13  13  69  56  25
 [321]  39  52  39  22  91  25  96  55  85  40  63  86  81  50  70 101
 [337]  17  57  63  13  35  73  86  21  23  45  36  58  35  98  22   9
 [353]  91  96  16  18  75  87  55  23  82  56  16  97  96 100  91  86
 [369]  86  36  70  21  91  58  86  70  13  58  70  36  22  17  22  94
 [385]  13 100  94  84  77  35  70 100  61  45  85  66  82  13  16  62
 [401]  81  56 101  94  46  77  54  75  42  69  86  86   7 101  18  58
 [417]   9  87  46  26  82  63   7  91  84  54  86  54  13  45  26 101
 [433]  26  21  16  69  25  82  61  25  26   3  77  54  42  96  42   7
 [449]  16  87  73  87  36  75  25  40  17  36  98  21  52  16  50  55
 [465]  13  13  50  91  81  57  36  36 100  62  23  30  18  52  87  18
 [481]  39  36  86  36  82  86  13  39  98  35  57   7  50  26  30  81
 [497]  17  66  62  45  66  75  16   3  25 101  84  70  42  70  16  23
 [513]  21  36  23 100  45  42  77  30   3  56   7  55  62  21  63  94
 [529]  77  94   3 100  85  23  22  22  82  91  57  26   3  70  16  42
 [545]  46  46  75  81  54  26  55  26  58  17  81  21  39  97  54  40
 [561]  86  56  52  26  42 100  97  40  97  40  63  70  66  81  96   3
 [577]  35  97  63  58  35  18  97  55  22  62  26  85   7  46  46  40
 [593]  96  36  75 100  56  50  13  25  22  69  58  91  21  17  91  58
 [609]  45  94  23  46  87  66  57  62  70  75  54  35  84  40 101  30
 [625]  16  84  70  69  75  96   3  73  22  66  16  73  30  24  61  61
 [641]  70   9  91  82   7  70  21  25  18  13  30  36  75   3  13  84
 [657]  52  36  87  21  98  36  63  35  17  61 101  16  66  56  61  96
 [673]  16  16  50  40  98  70  23  50  23  61  35  87  36  21  98  17
 [689]  18  84  91  62  22  96  22  97  96  54  52  24  85  69  66  52
 [705]  22  24  18  91  82  58   3  81  81  87  73  91   3  96   7   7
 [721]  18  17  61  52  98  81  98  22  52  82  73  75  66  73  21  39
 [737]  94  39  30  82  87   3  45  84  45  24  86  23  87  18  35  86
 [753]  35  96   7  97  96  63  77  97  62  94  77  17  45  50  56  82
 [769]  98  39  46  18  30  13  56  70  22  26  69  30  35  26  66   7
 [785]  35  69  77  94  62  36  25 101   9  42  54  86  94  55  25  58
 [801]  85  58  42  61  45  55  16  97  30  25  70  45  58  91  25   7
 [817]   9  45  96   3  57  58  35  56   9  35  73  26  62  50  73  94
 [833]   7  86  84   9  75  77  21  91  75  16   3  75  46  17  50  61
 [849]  94  91  21   7  61  40  17  22  94  63  56  86  25   7  70  98
 [865]   7  58  17  45  73  66  86  61  26  70  45  75  62  16  26  58
 [881]  77 100  39  39  35  23  97  69   3  91  85  50  42  23   3  62
 [897]  73 100  13   3  45  97  86  97  16  50  91  75  23  35  86  30
 [913]  23  23  55  61  18  40  55  82  94  36  18  87  77  17  82   7
 [929]  13  57  57  46  45  85  23  87  39  70  91  13  77  70  22  81
 [945]  98  94  94  16  24  69  70  81  55  13  91  36  81  75  13  24
 [961]  24  52   9  45  82  52  25  22  52  18  30  16  18  97  70  13
 [977]  58  26  70  24  75  25  63  75  66  45  66  13  17  87  16  66
 [993]  81  17  40  40   3  98  13  81
