Parameters for simulation. Weather from davis data. 
 Run type = standard
traits = day temp precip
best.precip has value 10.000000 
best.temp has value 10.000000 
duration has value 10.000000 
N has value 10.000000 
numYears has value 10.000000 
runType has value 10.000000 
 sds= 
$day
[1] 3.65

$temp
[1] 0.45

$precip
[1] 1

$cutemp
[1] 90

$cuprecip
[1] 6

$daysq
[1] 1332.25

$tempsq
[1] 19.7136

$precipsq
[1] 100

$cutempsq
[1] 2500

$cuprecipsq
[1] 200


 mutrate=
$day
[1] 0.01

$temp
[1] 0.01

$precip
[1] 0.01

$cutemp
[1] 0

$cuprecip
[1] 0

$daysq
[1] 0

$tempsq
[1] 0

$precipsq
[1] 0

$cutempsq
[1] 0

$cuprecipsq
[1] 0


 start=
$day
[1]    1 1095

$temp
[1]   5 135

$precip
[1] 1e-02 3e+02

$cutemp
[1] 0

$cuprecip
[1] 0

$daysq
[1] 0

$tempsq
[1] 0

$precipsq
[1] 0

$cutempsq
[1] 0

$cuprecipsq
[1] 0


 years.index=
  [1]  36  45  39  70  98   7  58  17  87  61  98  13  46  61  84  50  94  56  81  30   3
 [22]  55  91  39  94  70  18  82  86  94  96  84  30  94  97  52  69  70   3  70  35  36
 [43]  50  91   9  21  94  46   3  98  91  66   3  17  81  17  54  24  40  46  84   9  62
 [64]  94  46  57  24  42  26  35  98  25  18  25  25  24  73  21  91  62  62  70  40  25
 [85]  16  58  86  75  52  54  62  21  17 101   9  75  73  42  96  81  17  45  17  13  62
[106]  56  97  18  56 100  23  26  73  54 100  56  69  70  69 101   9  40  84  97  66  55
[127]  85  75  24  94  39  82  39  58  91  40  46  26  85  52  86   7  54  39  69  46  17
[148]  42  55  17  22  54  63  46  45  57  26  98  91  52  85  25  16  24   7  96  94  23
[169]  35  16  30  87  57  52  61  61  69  62   3  46  58  63  58  16  58  17  50  40   9
[190]   9  17 101  22  91  16  36  45   9  85  61  39  96  13  46  56  24  25  54 100  96
[211] 100  73  62  46  85  75   7  56  40  73  30  98  45   7  85  86  13   3  82  81  82
[232]  61  55  91  85  13  63  85  21  97  17  39  81  70  23  62  87  77   7  56  86  57
[253]  36  25  21  81  30  16  17   7   9  56  22  62   7  42  36  75  26  69  58  25  73
[274]  42  17   7  16  52  54  86  26  26   9  75  56  70  50  45  77  22  56  45  75  82
[295]  96 101   7  91  13  82  82  36  13  30  16  39  56  70  23  85  23  18  73  24  35
[316]  70  30  25  63  66   9  94   9   9  36  84  23  50  61  69  50  16  21  66  91  46
[337]  85  97 100  81  17  54  36  85  56  73  70  62  57  17  21  70  61  22  42  40  96
[358]  24  70  82  24  63  91  22  57  16   9  22  84 101  87  77  63  21  81  86  86  75
[379]  58  30  81 100  75  56  56  30  18  85  35  56  84  16  97  36 101 100  73  86  30
[400]  94  17  30  66  75  13  45  18  17  58  21 100  36  52  46  56  98  36  23  82  97
[421]  75  30  45  46  85 100  56  18  73  87  23  63  73  39  70  87  81  73  73  58  73
[442]  26  98  84  18  58 100   3  75  75   9  69  35  46  87  52  84  57  50  50  42  70
[463]  24  39  96  85  36  21  56  35  66  69  39  30  98  87  61  97  84  50  39  35  66
[484]  87  54  18  26  54  63  46  87  45  86  45  26  66  63  73  13   9
