Parameters for simulation. Weather from davis data. 
 Run type = standard
traits = day temp precip
best.precip has value 10.000000 
best.temp has value 10.000000 
duration has value 10.000000 
N has value 10.000000 
numYears has value 10.000000 
runType has value 10.000000 
 sds= 
$day
[1] 1.825

$temp
[1] 0.225

$precip
[1] 0.5

$cutemp
[1] 45

$cuprecip
[1] 3

$daysq
[1] 666.125

$tempsq
[1] 9.8568

$precipsq
[1] 50

$cutempsq
[1] 1250

$cuprecipsq
[1] 100


 mutrate=
$day
[1] 1

$temp
[1] 1

$precip
[1] 1

$cutemp
[1] 0

$cuprecip
[1] 0

$daysq
[1] 0

$tempsq
[1] 0

$precipsq
[1] 0

$cutempsq
[1] 0

$cuprecipsq
[1] 0


 start=
$day
[1]    1 1095

$temp
[1]   5 135

$precip
[1] 1e-02 3e+02

$cutemp
[1] 0

$cuprecip
[1] 0

$daysq
[1] 0

$tempsq
[1] 0

$precipsq
[1] 0

$cutempsq
[1] 0

$cuprecipsq
[1] 0


 years.index=
   [1]  55  36  17  14  53  98  22  94  88  35  59   8  92  79  69  55  98  59  95  24
  [21]  64  16  16  25  47  80  84  11  86   6  48  88  28 100  68   6  26  82  11  20
  [41]   5  70  48  95  31  33  10  63  23  94  19  17  74  93  55  76   4  78  95  14
  [61]   3  88  90  87  69  85  42  61  78   5  61  86  98  34  56  43  22  33  70  19
  [81]  48  42  68  84  72  88  85   5   2  11  66  89  83  87  92  25  40  90  34  96
 [101]  12  74  91  24  59  62  88  90  35  87  66  39  41  70  57  35  22  71  75  19
 [121]  27  48   7  37  35  47  85  83  44  29  14  77  67  34  72  82  96  75  25  95
 [141]  68  84  36  32  70   7  60  43  15  65   6  30  23  85  34  79  38  31  78  63
 [161]  34  67  70  19  69  46  31  25  74  86  52  18  66  74   7  58  13  60  49  98
 [181]  85   3  49 100  32  15  43  24  61  35   8 100  62   5  86   8  72  43  71  48
 [201]   9 100  28  17  15  68   6  88  56  44  93   5  94   7  59  85  77   2  73  58
 [221]  97  51  69  33  16  67  44  19  81  82  53  79  33  94  37  51   3  47  73   2
 [241]  89  26  86  70  75  32  76  45  79  58  62  99   8  23  34  48  73  86  53  39
 [261]  42  94  17  17  17  35  29  82  49  42  74  86  36   7  34  98  42  56   8  55
 [281]  12  93  71  92  68  47  54  73  32  92  26  97  88   8  88  95  11  69  90  57
 [301]  88  27   5  38  45   9  78  16  30  25  74  24  83  63  36  65  92  59  69   3
 [321]  30  48  96  17  54  55  98  80  34  92   6  45  57  33  25  20  31  75  19  42
 [341]  94  60  86  66  29  56  44  80   7  42  96  43  75  15  68  35  35  20  49  99
 [361]  93  31   7  71  30  68  12  12  81  13  33   2  32  69  22  98  15  62  31  61
 [381]   1  20  63  43  67  19  93  23  80   9   5  21  22  42  30  38  34  92  20  54
 [401]  56  16  61  69  33  41  30  60  64  68   8  37  38  78  15  30  67  41  22   9
 [421]  31  93  63   4  37  41   6   5  70  19  91  83  37  52  40  25   6  78  75  14
 [441]  76  49  49  96   8  20  41  53  93  72  83  71  57  59  39  93  56  19  51  33
 [461]  56  30  29  35  25  70 101  17  96  38  31   9  68  81  73  48 100  92  48  86
 [481]  99  54  47  35  80  65  24  99   9  84  22  78  61  70  57  92  77  23 100  94
 [501] 100  53  83  98  22  45  58  83  15  95  55  21   8  39  35  25  59  21  19  27
 [521]  56  87   2  58  33  28  86  90  69  35 101  87  30  49  71   2  87  16  36  74
 [541]  97  97  61  46  69  50  65  89   1  12  37  71  41  48  51  78  66  90  26  15
 [561]  15  93  75 100  43  82  78   9  10  34 101  93  58  68  12  58  96   4  11  64
 [581]  90  58  66  92   6  79  89  32  20  45  72  22  70  83  30   4  60  31  74  85
 [601]  69  47   8  35  44  41  31  81  50  76  39  72  86  32  55  61  74  94   7  95
 [621]   1  86  57  52  34  21  16  43  66  50  37  13  65   8  36   1  53  91  55  71
 [641]  84  73 101   8  46  30  65 100  46  27  10  80  25  14  72 100   1  85  59  35
 [661]  67  27  64 101  89  63  27  61  93  91  72   1  55  82  54  59  60  31  68  70
 [681]   6  21  49  34  31  70  60  71  98  48  62  33   9  43  21  78  14  23  62  20
 [701]  37  22  94  74  83  82  19  39  98  88  26  53  61  16  29   4   2  46   4  46
 [721]  59  17  37  58  85  33  48  10  73  76  55  10  11  17  68  64  69  24  92  76
 [741]  23  69  67   8  25  62  95  74  62 100  96   5  44  55  31  91   2  53  48  12
 [761]  58   4  88  15  75   9  83  68   4  85   4  19  57  34  67  25  37  84  14  36
 [781]  17  89  88  76  25  29  83  11  43  46   2  28  31  52  94  92  43  13  36   1
 [801]  42  58  98  44  14  71  60  73  82  89  61  66  11   7  74  93  36  60  22  24
 [821]  17  29  41  12  60  42  82  63  59  20  57  75  13  31  13  40  46  84  50  12
 [841]  96  57  19  54   9  21  97  48  59  65  13  96  28  13   5  91  79  37  32  66
 [861]  26  97  76  57  52  12  59  92  88  51   4  89  10  10  83  78  19  73  76  62
 [881]  75   6   2 101  14  25  70   8  63  52  19  63   4   2  86  34 100  89  80  61
 [901]  95  70  22  92  20  74  70  82  58  37  76  82  49  21  15  52  62  93  55  77
 [921]  13  29  43  38  39  79  38  30  51  70   3  94  16  23  26  32  41  53  14  83
 [941]  41  91  96  28  72  34  35   9  28  62  59  49  63  86  61  16  85  88  12  70
 [961]  77  79  81  86  18   3  37  13  23  19  92  28  44  89  73  21  87  19  12  49
 [981] 101  56  12  76  15  32  14  97  25  21   9   9 101  73  64  51   4  14  86  66
