Parameters for simulation. Weather from davis data. 
 Run type = standard
traits = day temp precip cutemp cuprecip
best.precip has value 10.000000 
best.temp has value 10.000000 
duration has value 10.000000 
N has value 10.000000 
numYears has value 10.000000 
runType has value 10.000000 
 sds= 
$day
[1] 3.65

$temp
[1] 0.45

$precip
[1] 1

$cutemp
[1] 90

$cuprecip
[1] 6

$daysq
[1] 1332.25

$tempsq
[1] 19.7136

$precipsq
[1] 100

$cutempsq
[1] 2500

$cuprecipsq
[1] 200


 mutrate=
$day
[1] 0.01

$temp
[1] 0.01

$precip
[1] 0.01

$cutemp
[1] 0.01

$cuprecip
[1] 0.01

$daysq
[1] 0

$tempsq
[1] 0

$precipsq
[1] 0

$cutempsq
[1] 0

$cuprecipsq
[1] 0


 start=
$day
[1]    1 1825

$temp
[1]   5 225

$precip
[1] 1e-02 5e+02

$cutemp
[1]     5 45000

$cuprecip
[1] 1e-02 3e+03

$daysq
[1] 0

$tempsq
[1] 0

$precipsq
[1] 0

$cutempsq
[1] 0

$cuprecipsq
[1] 0


 years.index=
  [1]  48  58  57  32  18  33  41 101  36  94  33  20  41  16  48  83  81  97  25  77  11  41  62  69  62  97   2  52  20  20
 [31]  59  63  65  40   2  87  85  18  52  99  25  87  66  78   2  62  66  81  27  93  93  43   8  41  31  85  45 101  94  94
 [61]  71   8  40  71  48  58  36  13  95  13  43  52   2  97  32  89  48   2  19  80  18  65  48  27  27  62  20  25  57  65
 [91]  39  66 101  31  57  39  27  60  67  65  91  33  16  52  19  25  97  33  91  52  59  94  69 101  20  13  43  13  40  19
[121]  97  87  10  90  97  67  97  11  97  33  33  36  16  13  39  31  66  97  69  59  87  67  25   1  32  10  85  80  18  32
[151]  18  52  77  63  66  94  69  81 101  95  69  39  69  66  60  57  32  85  65  43  65  87  87  52  69  81  94  78  78  99
[181]  63  91  16  90  78  36  40  85  62  60  11  77  11  10  41  62  36  69  62  95 101  66  83  25   1  89  99  48  99  16
[211]  95  52  32  41  95  93   2  83  91  40  20  77  48  89  45  59  66  65  36  31  78  90  78  63  25   1  83  27  19  32
[241]   2  13  60  41  93  89  40  62  45  97  16   2  57  16  94  91  33  89  19  41  57  91  59  66  95  87  18  19  25  19
[271]  78  85  85  95  97  78  13  85  32   2  20  13  95  78  85  91  31  33  91  93   8  97   8  99  27  81   1  89  59  16
[301]  97  19  97  59  36  87  20  20  71  13 101  90  69   2  25  59  57  65  48  10  66  94  33  62  80  60  99  93  99  31
[331]  89  63   1  65  36  36  65   1  77  71  36  67  60  71   2  27  93  97  81  13  94  80  10  94  66  66  85  48  45  10
[361]  43  89   8  85  20 101  62  80  97  83  81  71  85  31 101  93  58  58  52  45  41  99  11  85  39  40  25  62  81  99
[391]  90  65  78  25  52  59  31   2   2  16 101  41  66  33  10  89  62  41  87  11   1  58   8  89  83  43   2  77  66  57
[421]  11   8  59   2  71  67  91  81  18  13  93   1  31  66  43  40  48  78  90   1  65  90   2  91  43  94   2  95  11  90
[451]   2  57  62  85  93  31  87  41  19  60  59  85  62  43  59  39   8  78  39  18   1  89  83  99  45  18  65  48  32  62
[481]  78  97  87  62  83  25  33  39   2  85  89  83  95  90  40  41   2  57  90  69
