Parameters for simulation. Weather from davis data. 
 Run type = standard
traits = day temp precip cutemp cuprecip
best.precip has value 10.000000 
best.temp has value 10.000000 
duration has value 10.000000 
N has value 10.000000 
numYears has value 10.000000 
runType has value 10.000000 
 sds= 
$day
[1] 3.65

$temp
[1] 0.45

$precip
[1] 1

$cutemp
[1] 90

$cuprecip
[1] 6

$daysq
[1] 1332.25

$tempsq
[1] 19.7136

$precipsq
[1] 100

$cutempsq
[1] 2500

$cuprecipsq
[1] 200


 mutrate=
$day
[1] 0.01

$temp
[1] 0.01

$precip
[1] 0.01

$cutemp
[1] 0.01

$cuprecip
[1] 0.01

$daysq
[1] 0

$tempsq
[1] 0

$precipsq
[1] 0

$cutempsq
[1] 0

$cuprecipsq
[1] 0


 start=
$day
[1]    1 1825

$temp
[1]   5 225

$precip
[1] 1e-02 5e+02

$cutemp
[1]     5 45000

$cuprecip
[1] 1e-02 3e+03

$daysq
[1] 0

$tempsq
[1] 0

$precipsq
[1] 0

$cutempsq
[1] 0

$cuprecipsq
[1] 0


 years.index=
  [1] 77 14 20 89 64 15 25 66 20 14 15 25 89 87 23 33 21 78 16 20 61 87 21 32 99 89 15 61 78 89 77 14 33 60 25 61 21 15 89 19 19 20 87 36 94 33 89 20 87
 [50] 33 32 23 76 16 36 60 15 89 32 16 94 23  5 78 23 77 63 99 16 89 60 32 99 21 15 32 66 94 66 78 99 89 33 25 19  5 15 21 23 94 20 64  5 14 77 87 61 15
 [99] 21 66 36 94 20 17 94 60  5 17 77 87 21 99 64 63 36 78 32 23 64 61 61 89 60 15 14  5 25 77 94 33 17 77 20 16 25 99 99 77 99 23 60 63 60 15 87  5 66
[148] 76 87 14 87 66 76 64 77 76 63 60 25 64 25 87 76 61 78 76 66 89 78 15 61 21 33 87 64 32 64 87 99 32 77 17 61 87 94 17 21 89 76 20 87 87 77 77 16 99
[197] 99  5 77 61  5 19 89 66 76 77 33 87 36 23 60 87 78 77 61 61 36 76 20 66 15 63 36 66 89 87 20 78 16 63 33 21 77 21 19 77 33 63 87 21 63 17 99 36 60
[246] 36 66  5 32 89 33 25 17 61 77 66 14 32 21 94 19 25 77 76 25 33 16 94 19 77 17 36 99 94 21 76 64 78 61 99 77 61 20 77 15 78 16 61 14 66 66 19 32 89
[295]  5 89 60 23 32 36 99  5 89 23 33 63 78  5 64 87 99 20  5 87 77  5 78 60 36 66  5 25 63 61 61 25 23 36 60 61 89 64 23 21 33 94 32 78 77 20 89 61 16
[344] 19 66 19 15 89 32 23 32 16 21 36 25 23 76 15 60 63 33 19 17 21 36 23 78 77 17 64  5 21 61 89 16 21 16 36 33 99 63 23  5 15 36 60 63 36 63 33 87 61
[393] 17 36 14 78 66 33 64 25 32 32 16 32  5 32 15 36 14 60 94 89 61 16 63 33 32 64 25 63 32 14 99 20 78 20 16 14 21 23 87 19 63 78 36 76 76 16 66  5 78
[442] 64 60 87 21 20 14 36 36 15 76 77 87  5 36 19 94 64 20 94 19 16 77  5 63 60 15 33 14 36 94 77 64 14 94 78 36 25 87 21 15 25 77 99 60 64 76 63 14 77
[491] 19 99 60 76 64 33 17  5 33  5
