Parameters for simulation. Weather from davis data. 
 Run type = standard
traits = day cutemp cuprecip
best.precip has value 10.000000 
best.temp has value 10.000000 
duration has value 10.000000 
N has value 10.000000 
numYears has value 10.000000 
runType has value 10.000000 
 sds= 
$day
[1] 3.65

$temp
[1] 0.45

$precip
[1] 1

$cutemp
[1] 90

$cuprecip
[1] 6

$daysq
[1] 1332.25

$tempsq
[1] 19.7136

$precipsq
[1] 100

$cutempsq
[1] 2500

$cuprecipsq
[1] 200


 mutrate=
$day
[1] 0.01

$temp
[1] 0

$precip
[1] 0

$cutemp
[1] 0.01

$cuprecip
[1] 0.01

$daysq
[1] 0

$tempsq
[1] 0

$precipsq
[1] 0

$cutempsq
[1] 0

$cuprecipsq
[1] 0


 start=
$day
[1]    1 1095

$temp
[1] 0

$precip
[1] 0

$cutemp
[1]     5 27000

$cuprecip
[1]    0.01 1800.00

$daysq
[1] 0

$tempsq
[1] 0

$precipsq
[1] 0

$cutempsq
[1] 0

$cuprecipsq
[1] 0


 years.index=
  [1]  86  10   1   2  11  37  58  96  69  86  24  15  30  66
 [15]  22  10   6  95  61   6  52  22  93  96  82  24  23  66
 [29]  51  46  57  92  93  30  31  43  65   4  52  87  80  10
 [43]   3  83  68   2  19  28  23  15  55  91  97  50  42  18
 [57]  99  61  28  62  36  29  20  44  30  67  18  17  75   2
 [71]  80  91   7   4 100  60  74  10   3 100  45  36  22  37
 [85]  63  62  48  49  37  10  41  65  23  42  62  66  36   3
 [99]  45  45  26  88  71 100   4  62  54  87   8  13  90   1
[113]  53  51  41  66  11  55  40  13  93  99  41  39  97  24
[127]  37  65  74  88 100  12  42   8  29   5  67  94  78   2
[141]  19  75 100  71  17  98  75  64  36  86  27  27  15  78
[155]  62  17  41  53  95  14  40  98  68  28  36  50  43  93
[169]  42   2  39  50  83 101  22  10  42  18  62  74  49   9
[183]  71  68  21  59  22  63  57  72  49  14  58  77  43  33
[197]  42  38  44   3   1  99  85  70  78  12   2   3  53  29
[211]  27  61  81  57  13  83  57  10  43  96  47  59  27  75
[225]  61  63  42  13  17  17   8  77  11  33  28  25  56  55
[239]  36  95  62  49  49  55  48  59  80   9  80  81  47  15
[253]   7  28  28  30  52  40  10  31  86  62  60  75  77  19
[267]   9  63  79   1 101  78  29  70  62  47  36  90 100  19
[281]  26  32  46  29  50   4   9  79  70  42  82  48  75  91
[295]  95  15  59  96  58   7  84  97  92  89  33  91   4  14
[309]  51  58  96  43  52  92  76   9  81  39  55  26  60  44
[323]  47  63  23  98  85  18   5  27   5  63  25  99  34  38
[337]  17  34  15  43  43  88  36  55  69  73  79   9  37  52
[351]  25  11  41  33  23  80  94   8  37  66  24   9  95  66
[365]  86  75  17  35   5  26  87  13  82  30   3  37  51  87
[379]  73  42  91  40  39  60  36  62  99  10  67  48   9  52
[393]  19   4  12  48  14   1   1  38  66  62  26   8  50  71
[407]  32  89  46  67  40  83  11  52  65  90  64  68  18  88
[421]  16  15  31  91  86  34  59  90  52  44  21  69  33  29
[435]  39   6  90   9  74  60  89   9  27  55  54  93  21  14
[449]  74  32  21  92  48  19  31  55  62  73  51  36  78  40
[463]  24  63 100  21  54  25  21  40  37  37  45  72  80  38
[477]  34  21  39  45  41  92  72  81  32  17  40  55  21  52
[491] 101  69  70  30  20   9  14  15  17  10
