Parameters for simulation. Weather from davis data. 
 Run type = standard
traits = day temp precip
best.precip has value 10.000000 
best.temp has value 10.000000 
duration has value 10.000000 
N has value 10.000000 
numYears has value 10.000000 
runType has value 10.000000 
 sds= 
$day
[1] 1.825

$temp
[1] 0.225

$precip
[1] 0.5

$cutemp
[1] 45

$cuprecip
[1] 3

$daysq
[1] 666.125

$tempsq
[1] 9.8568

$precipsq
[1] 50

$cutempsq
[1] 1250

$cuprecipsq
[1] 100


 mutrate=
$day
[1] 1

$temp
[1] 1

$precip
[1] 1

$cutemp
[1] 0

$cuprecip
[1] 0

$daysq
[1] 0

$tempsq
[1] 0

$precipsq
[1] 0

$cutempsq
[1] 0

$cuprecipsq
[1] 0


 start=
$day
[1]    1 1095

$temp
[1]   5 135

$precip
[1] 1e-02 3e+02

$cutemp
[1] 0

$cuprecip
[1] 0

$daysq
[1] 0

$tempsq
[1] 0

$precipsq
[1] 0

$cutempsq
[1] 0

$cuprecipsq
[1] 0


 years.index=
   [1]  51   8  44  98   1  57  63  16  69  91  21  47  33  65  80   8  36  66  20  28
  [21]  91  14  19   8  93  83  95  96  38  19  94  16  29  30  89  52   3  44  15  26
  [41]  11  74  40  74  43  60  46  65   3  30   9  89  47  13  43  91   5  91  67  70
  [61]  55  85  25  25  25  69  82  99  95  91  63  70 100  85  27  89  17  40  85  77
  [81]  59  40  26  78  80  34  20  89  84  25  79  29  16  28   7  10  47  12  62  43
 [101]  57   3  64  25  87  21  83  55  93  38  74  89  14  83  27  98  49  35  68  10
 [121]  87  42  84  78  54  91  39  98  58  22  40  54   6  21  59  65  12  63  94  13
 [141]  85  92  17  20  45  72  84  17  97  91  19  63  37  35  76  57  82  21  42  55
 [161]  52   4  63  28  36  43 101  89  48  90  99  30  63  38  20  83  47  68  80  35
 [181]  34  33  20  81  87  88  61  78  16  57  74  64  80  55  28 101  56  81  44  60
 [201]  32  43  45  85  34  86  54  72  28  40   4  11  49  64  82  71  77  51  96  51
 [221]  17  24  96  59  89  62  29  18  90   9  95  50  46  82  54  16  46  60  30  46
 [241]   3 101  66  65  85  82  63  35  14  76  32  98  79  87   1  51  67  36  50  81
 [261]  58  42  32  84  10  11  14  91  62  25  43  94  67  81  70  76  47  25   1  98
 [281]  42  98  12  86  84  25  17  35  62  63  62  60  94  45  68  98 101  93  70  39
 [301]  38  99  67  15  69  11   3  67  95  77  44  71 101  85  64  99  18  59  99  44
 [321]  69  36  12  94  77  18   6  88  84  37  83  45  93  83  14  99  28  94   5  38
 [341]  25  83  20  43  48  13  40  65  28  92  27  54  42  77  61  52  72  51  70  35
 [361]  95  61  61  22  14  31  75   1   6  77  10  89 100  11 101 101   1  48  52  50
 [381]  82  55  70  83  78  67  33  87  23  81   9  32   2  33  38  95  27  52  83  26
 [401]   6  99  91   8  63  37  75  81  52  29  61  29  72  67 100  82  70  21  70  91
 [421]   3  20  98  92  10  24  96  25  44  48  38  37  28  87  14  68  61  75  83 101
 [441]  41  47  16  20  59  36 100  75  87  51  24  48  31  89  38  48  48  45  46  80
 [461]   5  46   6  25   1  69  17  41  97  95  26  86  25  50  83  62  40  76  79  53
 [481]  93  18   6  84  95  34 100   2  27  99  91  86  88  59  26  19  80  71  91  89
 [501]  29  39  37  21  22  66  53   3  73  74  62  82  69  42   9  97  97  92  89  61
 [521]   8  16  24  42  40  55  86  26  74  32  47 101  21  47  88  26  84  62  35  56
 [541]  44  91  20  37  79  26  63  49  59  38  23  86  30  62  86  97  18  50  50   8
 [561]  57  30  23  45   5  36  70  63  66  16  98  79  21  69  76  49  92  71   2  60
 [581]  99  78  50  56   7  14  24  20  19  72  13   4  30  88  81  52  11  22  70  34
 [601]  32  61  23  30  65  86  52  26  64  89  87  75  25  82  77  88  32   2 101  78
 [621]  93  49  91  62   5  97  69  49  80  80 100  52  50  13  53  46  21  84  53  14
 [641]  33  17  40  45  53  19  41  12  64  55  49  32  56  77  31  93  46  49  16  56
 [661]  28  86  46  47   4  31  11  57   7  31  58  70  77  53  22  20  85  52  61  31
 [681]  47  89   5  72  56  44  51  51  61  37   7  46  46  31  69  50  92  60  87  20
 [701]  69  10  77  86   7  17  58  90  14   2  86   9  50  32  23   8  60  49  95  31
 [721]  12  73  64 101  15  65  58  45  74  98  28  44  54   3  82  89  18  60  60  48
 [741]  88  97  98   7  58  11   6  31  74   6  41  43  68  96  51 101  48  59   3  60
 [761]  17   9  71  66  54  20  26  97  92  90  16  36  54  61  42  32   6  11  29  98
 [781]  27  18  41  77  44  47 100  65  66  96  76  11  16  74  54  16  33  53   5  61
 [801]  45  10  26  45  83   4  79 101  13  21  37  26  24  68  56  41   1  41  52  19
 [821]  90  18  28  98  75  48  35  98   6  17  13   3  97  60  17  40  83  37  67  25
 [841]  71  41  56  76  59  46  78 100   5  15  29  23  50  37  78  98  94   1  74  36
 [861]   2  32  57  56  24  47  86  25   8   5  34  28  66  85   1  66 100   9  94  55
 [881]  17  50  97  70  60  43   6  37  42  84  39  89  63  46  21  93  28  49  81  61
 [901]  46  74  97  14  97  53  28  55  57  64  85  81  75  10   3  52  64  78  72  39
 [921]  84  37  85  24   9  95   5  57 100  88  92  80  96  47  28  99  85   2  95  45
 [941]  91  27  16  15  95  19  42  38  86 101  76  87  18  72  65  89  31  20  83  78
 [961]  82  38  23 101  70  58  52  90  23  26  83  96  33  67   9  62  50  32  94  62
 [981]  29  35  31  58  48  78  95   7  84  47  36  24  40  38  96  32  34  34  32   9
