Parameters for simulation. Weather from davis data. 
 Run type = standard
traits = day temp precip cutemp cuprecip
best.precip has value 10.000000 
best.temp has value 10.000000 
duration has value 10.000000 
N has value 10.000000 
numYears has value 10.000000 
runType has value 10.000000 
 sds= 
$day
[1] 3.65

$temp
[1] 0.45

$precip
[1] 1

$cutemp
[1] 90

$cuprecip
[1] 6

$daysq
[1] 1332.25

$tempsq
[1] 19.7136

$precipsq
[1] 100

$cutempsq
[1] 2500

$cuprecipsq
[1] 200


 mutrate=
$day
[1] 0.01

$temp
[1] 0.01

$precip
[1] 0.01

$cutemp
[1] 0.01

$cuprecip
[1] 0.01

$daysq
[1] 0

$tempsq
[1] 0

$precipsq
[1] 0

$cutempsq
[1] 0

$cuprecipsq
[1] 0


 start=
$day
[1]    1 1825

$temp
[1]   5 225

$precip
[1] 1e-02 5e+02

$cutemp
[1]     5 45000

$cuprecip
[1] 1e-02 3e+03

$daysq
[1] 0

$tempsq
[1] 0

$precipsq
[1] 0

$cutempsq
[1] 0

$cuprecipsq
[1] 0


 years.index=
  [1]   3  47   6  51  38  37  15  28  70  14  92  64  75  98  61   4  82   9  24  53  79  92  98  22  23 100  12  42 100  50  50  23  38  86  64  51  24
 [38]  54  96  24  34  86   4  79  42   6  34  64  96  26   7  56  56  86  26  54  37 100  35  72  55  26  92  75  82  55   5  84  17  72  70   4  12  34
 [75]  82  92  34   4  35   4  88  61   7  64  47  76  75  15  56  55  15   3  47  55  17  22  55  75  92  51  68  42  35  70  55  34  17  70   3  68  34
[112]  44  61  68  64  26  49   7   5  53  73 100  38  76  76  23  12   4   7  64  50  61  54   4  50  64  55  12  28   3   9  61  17  75  28  74  84  14
[149]  37  70   5  84  51  75  70   6   6 100  96   4   4  74  72   4  21  98  15  37  64  73   7  44  17  28  98  24  96  28  49  26  21  44  26  73  79
[186]   4  98  24  88  23  42   7  35  26  96  56  73  75  72  98  30  74  72   6  46  64  79  42  46  37  56  28   5  28  28  26  47  70  54  23  76  76
[223]  49  30   7  23  61  23  98  68  37  49  73  34  64  84  30  24   5  92  47  47  88  73  38  42  24  61  35  14  74  92 100  23 100  56  35  64  23
[260]  38  35  82  35  68  70  12  28  21  37  28  23  75  53  51  15  42  47  73  68   4  76  30  84  84  28  34  23  21  70   5  56  86  28  55  76  55
[297]  35  72  64  74  46  14  88  51  38  15  38  55  14  74  88  84  61  46  86  55  17  51  37  75   7  96   7  17  96   7  46   3  50   3  28  38  56
[334]  51   7   3  37  98  51 100   4  56  56  54 100  54  34  44  50  86  96  34   6  96  38  82  72  44  15  24  46  12  73  76  14  24   9  47   4  51
[371]  92  14  44   9  28  51  82  49 100  28  42  53  14  68  17  64  75  88  14  55  15  28  50   5  26  15  37  54  47  76   9  86  21   7  68  98  74
[408]  54  35  55  42  70  75  73  51  47  38   9  38  86  82  56  75  30  88  14  73  92  82  28  22  14  22  30  12  88  49  55  12  74  50  30  49  23
[445]  92  24  76  49  70 100  53  46  61  70  96  14  38   3  84  88  79  84  49  64  30  21  22  23  54  17  28  21   4  53   3   5  28  68  88  30  68
[482]  96  73  28  79  74  42  26  73  55   6  84  46  35   7  49  17  22  86  88
