Parameters for simulation. Weather from davis data. 
 Run type = standard
traits = day temp precip cutemp cuprecip
best.precip has value 10.000000 
best.temp has value 10.000000 
duration has value 10.000000 
N has value 10.000000 
numYears has value 10.000000 
runType has value 10.000000 
 sds= 
$day
[1] 3.65

$temp
[1] 0.45

$precip
[1] 1

$cutemp
[1] 90

$cuprecip
[1] 6

$daysq
[1] 1332.25

$tempsq
[1] 19.7136

$precipsq
[1] 100

$cutempsq
[1] 2500

$cuprecipsq
[1] 200


 mutrate=
$day
[1] 0.01

$temp
[1] 0.01

$precip
[1] 0.01

$cutemp
[1] 0.01

$cuprecip
[1] 0.01

$daysq
[1] 0

$tempsq
[1] 0

$precipsq
[1] 0

$cutempsq
[1] 0

$cuprecipsq
[1] 0


 start=
$day
[1]    1 1825

$temp
[1]   5 225

$precip
[1] 1e-02 5e+02

$cutemp
[1]     5 45000

$cuprecip
[1] 1e-02 3e+03

$daysq
[1] 0

$tempsq
[1] 0

$precipsq
[1] 0

$cutempsq
[1] 0

$cuprecipsq
[1] 0


 years.index=
  [1]  75  73  79  10  36  71  91  40  81  53   8  22   6  35   6   7  57  37   3  81  60  36  63  29  18  26   9   3   1   5  22   9   1  93  83  48  43
 [38]  27  56  84  41  10  76  24  45  30  71  57  53   8  70  48   6  72 101  45 100  82 101  24  44  51  29  85  14  82  26  82  94  68  81  58  22  93
 [75]   8  15  18 100  21  42   8  76  69  17  54  24  80  16  74  75  76   6  72  66  74  61   9  61   8  26  40  26  90   4  58  71  42  39  95  28  13
[112]  41  66  26  29  40  37  94  59  37  63  84  60   3  44  20  55  54  18  26  72  61   4  39  51  28  34  35  31  64  75  30  26  88  78   9  63  39
[149]  62   8  70  27   9  32  21  37  91   1  72  24  37   5  14  33  64  71 100  31  63  57  27  54  34  22  99  88  72  10  46  45   3  71  62  96  20
[186]  13  84  84  59  38  41  78  85  80  79  77   6  56  93  53  42  94  70  12  44  16   5   3  98   7  93  10  92  97  97  46   9  48  15  51  36  42
[223]  42   9  64  52  93  64  22   4  25  64  26  68  45  40  37  90  51  42  23  82  80  50  78  53  33  96  87  82  67  79 101   4   4  60  79  22  85
[260]   6   2  32  14  41  11  26   3  64  81  35   6  62  44  24  44  72  71  96   4   1   7  67   2  98  10  58   9  51  85  13  69  84  60   7  26  66
[297]  21  89  62  90  17  31  17  75  99  33  31  58  53  20  21  21  84  44  63  14  15  52  88  14  98  44  18  52  43  89  94  43  37   2   7   7  44
[334]  12  46  14  68  59  20  42  48   8  59  43  73  38  81  29  13  64  75  70  69  32  63  32  73  95  44  16  44  89  64  19  86  62  86  82   7  72
[371]  22  34  96  76  79  52  51  46   4  52  95  57  28  81  90  50  19  40   9  81  43   1  80  88  48  87   6  36  69  13  70  25  64  19  66   1  59
[408]  99  32  21  46  58  28  84  16  89  12   3  49   3   4  20  12   3  65  14  44  48  88  41  51  22  10  28  89  51  12  35  27  27  64  17  43  37
[445]  26  99  83  69  30  58  74  86  27  30  32 101  70  13  77  71  37  89  64  51  13  65  29  68  53   9  20  98  84  95  84  35  26  93   8  18  47
[482]  89  82  53  22  43  84  15  11  55  66  27  42  55  27  20 100  62   9  24
