Parameters for simulation. Weather from davis data. 
 Run type = standard
traits = day temp precip cutemp cuprecip
best.precip has value 10.000000 
best.temp has value 10.000000 
duration has value 10.000000 
N has value 10.000000 
numYears has value 10.000000 
runType has value 10.000000 
 sds= 
$day
[1] 3.65

$temp
[1] 0.45

$precip
[1] 1

$cutemp
[1] 90

$cuprecip
[1] 6

$daysq
[1] 1332.25

$tempsq
[1] 19.7136

$precipsq
[1] 100

$cutempsq
[1] 2500

$cuprecipsq
[1] 200


 mutrate=
$day
[1] 0.01

$temp
[1] 0.01

$precip
[1] 0.01

$cutemp
[1] 0.01

$cuprecip
[1] 0.01

$daysq
[1] 0

$tempsq
[1] 0

$precipsq
[1] 0

$cutempsq
[1] 0

$cuprecipsq
[1] 0


 start=
$day
[1]    1 1825

$temp
[1]   5 225

$precip
[1] 1e-02 5e+02

$cutemp
[1]     5 45000

$cuprecip
[1] 1e-02 3e+03

$daysq
[1] 0

$tempsq
[1] 0

$precipsq
[1] 0

$cutempsq
[1] 0

$cuprecipsq
[1] 0


 years.index=
  [1]  47   6   5  26  22  75  76  44  26  75  37  38 100  12 100  68  55  42  42   9  73  74  75  21  86  22   7  23  54  24  74  35  42  35  54  74  37
 [38]  76  22   5  84  70  61  70  82   4  42  56   3   7  75  14  50  37  70  55  49  42  75  70  50  49  46  74 100  14  21  92  50  53   5  61  73  22
 [75]  54  70  61  92  23 100  70  47  14  50   5  53  14  26   6  28  28  37  53  22  61  49  92  44  12   6   4  21  79  50  46  26  23  22  47  76  42
[112]  55  70  24   5  24  26  28  86 100  53   5  88  49  24  84  24  68  38  84  37  56  84  79  47  22  22  26  47  79  84  70  53  49  44  76   5   9
[149]  53  74  28  92   4  51  44  61   5  35   5  88  17  35  86  96  76 100  54  23  44  92  64  30   4  75  49  96  34  47  51  42   4  61  49  84  70
[186]  15  51   9  24  55  14  76  61  98  47  22  30  79  86  44  24  17  34  23  74  46 100  70  21  55   7  53  73  86  82  76 100   6  75  70  44  73
[223]  14  46   7  82  49 100  68  92  84  15  50   6   3  42  38  50  72  26  76  54  54   5  84  56  86  12   5  82  42  26 100  38  17  79  22  55  15
[260]  54  53   4 100  15  73  56  76   3  44  56   7  75  24  22  26  28  35  98  51  30  47  21   5  74  46  37  37   6  70  73  22   6  56  55  68  75
[297]  72  96  64  50  42  28  37  49  44  15  12  88  21  38  22  37   4  22  46  88  56  74  28  98  55  98  22  76  73  74  22  70  70  24  38  35  70
[334]  24  82  73  98  17  54  73  64   6  46  86  92  12  34  82  38  46  82  82  56  23  14  82  26  51  73  47   9  51  26  12  50 100  12  37  51  92
[371]  22  64  12  30  35  12   7  47  70  70  28  76  74  44  28  96  35  51   4  51  23  49  22  98  82  73  50  76  61  79  79  50   5  53  84  44  15
[408]  75  44  34  46  28  23  17  23  35  51  35  84  28  70  73  74  54  50  47  12   4  54  49  34  92  38  75  56  34  76  70  88  74  23  47  64  30
[445]  22  50  12  23  86  73   4   6  86  46  46  50  61  26  70  22  56  23  98  79  51  34 100  84  22  54  86  23  70  55   6  72  51  42  37  44  15
[482]  76  70  75  46  55  34  98  28  73  82   7  68  44  22  34  82  75  38  54
