Parameters for simulation. Weather from davis data. 
 Run type = standard
traits = day cutemp cuprecip
best.precip has value 10.000000 
best.temp has value 10.000000 
duration has value 10.000000 
N has value 10.000000 
numYears has value 10.000000 
runType has value 10.000000 
 sds= 
$day
[1] 3.65

$temp
[1] 0.45

$precip
[1] 1

$cutemp
[1] 90

$cuprecip
[1] 6

$daysq
[1] 1332.25

$tempsq
[1] 19.7136

$precipsq
[1] 100

$cutempsq
[1] 2500

$cuprecipsq
[1] 200


 mutrate=
$day
[1] 0.01

$temp
[1] 0

$precip
[1] 0

$cutemp
[1] 0.01

$cuprecip
[1] 0.01

$daysq
[1] 0

$tempsq
[1] 0

$precipsq
[1] 0

$cutempsq
[1] 0

$cuprecipsq
[1] 0


 start=
$day
[1]    1 1095

$temp
[1] 0

$precip
[1] 0

$cutemp
[1]     5 27000

$cuprecip
[1]    0.01 1800.00

$daysq
[1] 0

$tempsq
[1] 0

$precipsq
[1] 0

$cutempsq
[1] 0

$cuprecipsq
[1] 0


 years.index=
  [1]  36  18  61  69  81  85  54   3  26  25  96  45  25  13  25  52  91  18  52  84  98
 [22]  40  24  25  45  40  63 101  85  63  16  57  98  55  81  69  25  66  75  86  81  25
 [43]  94  56  63  22  84  70  82  16  30  39  69  35  57  13  86  58  94  86  94  87  52
 [64]  63  54  82  36  54  55  17  63  21 100  23  86  63  22  87  75  52  61  40  62  40
 [85]  30  35  81  55  35  55  45  26  57  46  96  81  56 100  81  91  82  82  96  69  17
[106]  85  55  61  82  87  66  56  97  91  39  57  30  17  77 100  54  77  56  39  87   7
[127]   9  16  85  61  70  86  58  21 100  40   7  24  54  91  40  61  56  81  77  17  22
[148]  87  35  36  36  55  86  36  82  81  61  57 101  58  82  57   9  73  21  42  61  98
[169]  70  73   3  21  77  35  75  97  96  63  16  40  62  39  52  62 101  22  46  26  22
[190]  81  94  77  96  57  86  13  81  81  25  96  55  24  98  58 101  94  75  62  35   7
[211]  98  85  17  13  24  40   7  21  17  70  94  54  82 101  22  56  98  13  85  13  85
[232]  42  22  86  98  46  35  46  21 101  56  50  30  81  35  58  82  91  25  62  26  50
[253]  35  69  46   7  75   3  84  17  30  82  50   9  57  94   9  24  82  70  40   3   9
[274]  84  75 100   3  82  56  96  73  39  25  73  57  42  35  22  39  57 100  87  61  39
[295]  55  69  18  61  58  84  25  98  13  55  70  69  21  16  36  30  54  56  16  75  87
[316]  39   7  30   3   9  45  66  35  45  98 101  13  22  77  82 100  82  57  66  55  17
[337]   7  16  84  63  84  94   3  82  75  18  69  16  52  16  84   7  52  82  85  62  77
[358]  75  54  73   9  23  40  13  52  94   9  86  77  18   7  54  69  22  63  66  26  58
[379]  61  91  91  35 101  69  26 100  97  70  39 100  58  24  98  70   3  58  22  40  36
[400]  77  69  75  16  97  57  81  36  66  85  24   3  82   9  50  22  75  58  52  52  25
[421]  87  86  55  66  30  25  26  62  25  81  55  56  63  85  40  42  96  96  18   9  57
[442]  61  54  42  81  73  73  54  66  84 101  61  57  73  86  13  94  26  22  75  18  66
[463] 100  69  26  98  62  63  63  50  35  62  52  46  96   3   3  56  86  21  86  42  55
[484]  17 101  75  86  81  40  54  50 100  63  25  73  22  50  30  36  57
