Parameters for simulation. Weather from davis data. 
 Run type = standard
traits = day temp precip cutemp cuprecip
best.precip has value 10.000000 
best.temp has value 10.000000 
duration has value 10.000000 
N has value 10.000000 
numYears has value 10.000000 
runType has value 10.000000 
 sds= 
$day
[1] 3.65

$temp
[1] 0.45

$precip
[1] 1

$cutemp
[1] 90

$cuprecip
[1] 6

$daysq
[1] 1332.25

$tempsq
[1] 19.7136

$precipsq
[1] 100

$cutempsq
[1] 2500

$cuprecipsq
[1] 200


 mutrate=
$day
[1] 0.01

$temp
[1] 0.01

$precip
[1] 0.01

$cutemp
[1] 0.01

$cuprecip
[1] 0.01

$daysq
[1] 0

$tempsq
[1] 0

$precipsq
[1] 0

$cutempsq
[1] 0

$cuprecipsq
[1] 0


 start=
$day
[1]    1 1825

$temp
[1]   5 225

$precip
[1] 1e-02 5e+02

$cutemp
[1]     5 45000

$cuprecip
[1] 1e-02 3e+03

$daysq
[1] 0

$tempsq
[1] 0

$precipsq
[1] 0

$cutempsq
[1] 0

$cuprecipsq
[1] 0


 years.index=
  [1]   8  38  46  38  11  95  56   7  41  41  71   9   8  30  73  42  11   5  19  90  62  34  79  82  76  33  66  65  31  69  81  19  79  57  49   8  33
 [38]  93   5 100  85  98  62  27   2  56  45  35  42  58  27  87  66  90  65  52  70   6   3  71  71  86  61   2  88  16  13   4  30  68  71  57  62  89
 [75]  94  59  36  65   6  93  65  30  68  91  60  47  10  25  15  54  14  76  49  92  59  65  39  74   1  79  38  37  51  79  60  85  18  28  25  34  42
[112]  15   2  77  98  62  24  72  54  83  51  72  29  15  97  11  76  81 101  51  24  50  25  14  18  50  51  69   1  21  71  92  63  73  82   6  55  27
[149]  42   7  99  50  34  34  13  84  70   5  85  15  53  48  27   1  43  28  52  43   8  39  77  83  53  68  78  47  75  14  94   5   4   1  32  78  25
[186]  25  52  90   9  48  93  29  22  64  95 100  81  33  72  23  11  19  33  75  42  17  35  79  13  55   8  78  83  51  41  19  24  18   4  48  74  86
[223]   7  34  23 101  66   8  99  69  91  65  32  33   8  28 100  57  28  73  73  28  82  91  66  83  53  85  97  57  82   9  99   7  74  13  57  61  62
[260]  65  30  35  48  48  10  95  99  47  27 101  30  94  13  74 101  96   8  56  60  41  67  90  79  40  39  53  66  92  26  71  33  42  79  26  72  38
[297]  31  93  92  19  78  94  28  90  17   3  66  88  75  64  50  63  45  37   1  37  92  41  95  46  52  65  84  21   5  92  61  47  83  12  67  20  42
[334]  49  87  34  76  23   5  44  45  97  39  80  41  46  33  72  29  37  52  92  96  62  36  33  37  60  45   7  62  89  34  66   8   7  36  16  83  97
[371]  66  21  28  87   5  10  43  69  30  38  69  20  85  14  46  58   8  19  10  24  74  26  86   1  50  80  13  87  22  50  91  25  32  14  85  50  39
[408]  13  82  37  52  10  96  12  68  47  31  78  10   9  68  19  97  35  10  84  25  88  84  20  99  10  25  42  65  61  54  27  39  27   2  63  91  27
[445]  27  65  39  78  93  56  69  42  84  54  24   7  20  95  74  64  90  84  76  35  43  58   1  38  45  88  81  39  72  39  58  82  48  73  52  20  35
[482]  79  79  91  51  98  83  90  59  33  47  98   3  47   2  44   4  16   5  23
