Parameters for simulation. Weather from davis data. 
 Run type = standard
traits = day
best.precip has value 10.000000 
best.temp has value 10.000000 
duration has value 10.000000 
N has value 10.000000 
numYears has value 10.000000 
runType has value 10.000000 
 sds= 
$day
[1] 3.65

$temp
[1] 0.45

$precip
[1] 1

$cutemp
[1] 90

$cuprecip
[1] 6

$daysq
[1] 1332.25

$tempsq
[1] 19.7136

$precipsq
[1] 100

$cutempsq
[1] 2500

$cuprecipsq
[1] 200


 mutrate=
$day
[1] 0.01

$temp
[1] 0

$precip
[1] 0

$cutemp
[1] 0

$cuprecip
[1] 0

$daysq
[1] 0

$tempsq
[1] 0

$precipsq
[1] 0

$cutempsq
[1] 0

$cuprecipsq
[1] 0


 start=
$day
[1]   1 365

$temp
[1] 0

$precip
[1] 0

$cutemp
[1] 0

$cuprecip
[1] 0

$daysq
[1] 0

$tempsq
[1] 0

$precipsq
[1] 0

$cutempsq
[1] 0

$cuprecipsq
[1] 0


 years.index=
   [1]  29  76  58  28   9  55  36  22  45  52  45  59  85  26  49  84  62  82  83  60  72
  [22]  14  61  38  43  71  57  87  22  28  73  91  56   2  61  95   9  78  22  40  83  62
  [43]  36  46  55  42  69  44   9  94  36  16  88  97  59  40  51  24  50  94  36  85  86
  [64]   1   2  72  58  45   4  67  60  90   5  18  97  73  19  32  23  63  12  10  32  13
  [85]  57  52   5   5   6  47  26  54  62  68  20  85   9  51  59 100  87  17  24  59  82
 [106]  71  37  87  37  80  35  13   1  63  96  95  59  13  27  60  60  82  18  44  18   7
 [127]  36  71  27  35   7  20  49  88  82  65  77  29  30  35  81  61  75   7  85  38  33
 [148]  17  21  49  52  13  56   8  17  88  98  47  30  39  44  14  73  86  83 100  64  66
 [169]  22  77  87  93  14  96   5  47  81  74  25  12  87  39  53  26  91  85  70  31   7
 [190]  45  62  40  12  76  93  86  60  84  29  88  30  35  42  59  58  22  61  75   7  40
 [211]  72  15  90   4  67  59  30  54  10  64  16  95  72  94  97  26  53  40  76   5  85
 [232]  51   9  24  84  21  56  46  67   4  62  90  13  13  52  44  63  56  79  44  15  76
 [253]  46  27  65  50  36  16  10  31  94   7  63  50  34  82  22  14  58  67  61  57   6
 [274]  25  10  79  78   2  72  34  16  42  48  49  71  52  11  20   7  31  68  32  68  81
 [295]  71  31  13  21  29  20  10  39  15  62  41  65  19  68  67   2  51  25  89  60  19
 [316]  83  82  43  80  28  20  60  41  75  37  94  67   5  13  31  31  47   8  93  81  95
 [337]  39  13  62  33  83  43  54  38  35  24  58  39  57  84  10  17  69  78  32  51  58
 [358]  29  48  37  50  22  21  77  65   3  52  93  95  64  58  63  26  20  46  77  87  42
 [379]  76  81  81  24  64  68  14  84  11  15   9  77  97   3  60  79   3  50  60  67   4
 [400]  29  80 100  49  44  90  93   4  86  11  90   7  20  73  66   9  10  43  88  12  98
 [421]  79  93  25 100  45  82  94  68   5  45  19  80  36  97  18 100  45  40  40  93  49
 [442]  81  69  22  69  58  20  25  15  67  22  77  30  50  88  37  28  17  59  26  37  63
 [463]  83  74  65  63  55  37  22  18   9  37  23  73  82  52  25  59  90  72  25 100  87
 [484]   9  19  11  58  63  48  69  84  40   1   2  77  62  70  29  72  19   9  48  15   4
 [505]  37  89  97  66  86  42  74  67  26  19  46  62  52  84  74  33  48   8  46  11  84
 [526]  68  16  19  42  17  20  42  40  69  25  14  26  72  76  29   1  78  11  78  81  45
 [547]  76  41  92   2  79   2  46  91  22  95  98  63  52  77  98  41  58  14  49  25  10
 [568]   3  16  12  86  77   2  58  26  93  65  53  46  42  91  32  44  16  98  38  52  52
 [589]  26  98  52  71  46   5  31  53  21  36  97  33   2  22  21  64   9  33  31  72  11
 [610]  93  94  24  58  28  17  70  88 100  47  23  48  29   7  20  71  19  96  69  12  91
 [631]  62  60  19  58  71  89  86  31  34  47   9  16  72  24   3  53  54  27  11  82  43
 [652]  33  50  65  96  92  81   1  59  12   5  11   5  69  25  84  20  60  12  99  31  36
 [673]  60   3  31  37  93  30  52  50  85  90  42   8  19  91  86  52  59  25  61  37  89
 [694]  99  86  20 100  37  49  58  87  63  14  17  82  22  46  12  82  14  74  10  58   9
 [715]  74  41   4  35  10  39  64   8  75  60  32  75  88  22  73  92  35  99  84  66  88
 [736]   8   5  63  33  13  32  54  19  66  17  52  43  40   7  15  98  58  54  41  20   2
 [757]  70 100  14  55  75  31  24  36  93  47  88  31   6  99  57  83  18  91  13  18  86
 [778]  34   4  79  56  87  54  15  58  98  43  59  22  86  67  48   4  11   6  46   9  53
 [799]  37  44  69  33  93  77  60  85  77  62  33   4   4  45  71  29  87  99  21  80  98
 [820]   8  93  24  40  61  61 100  90  26  55  75  27  72  17  88  37  37  48  78  93  79
 [841]  86   7  12  30  98  98  86  88  28  13  88  87  70  55  35  63  94  74  38  93  49
 [862]  92  16  33  27  58  69  93   8  23  14  98  72  11  26  57  66   5  91  96  77  73
 [883]  78   3  34  94  23  85  97  73  96  47  63  22  45  75  24  89  98  23  84  22  21
 [904]  49  40  70  99  92  87  85  18  84  25  87  50   5  32  34  22  71  25  44  56  32
 [925]  87  50  50  49  33  14  62  39  55  36   1  52  68  79  68  94  16   3  40  42  37
 [946]  56  95  88  65  35  26  10  11 100  82  63  57  21  83   4  20  35  20  13  59  26
 [967]  77  32  91  83  59  24  28  65  28  27  80  82  64  50  18  36  70  83  48  37  46
 [988]  61  21  57  20  88  57  25  32  85  99   5  79  95  96  51  31  26  54  97  56  90
[1009]  58  64  44   7  35   3  61  49  42  61  15  45  89  79   1  73  47  39  93   7  29
[1030]  11  93  98  34  64  82   1  76  12  38  70  95   8  45  36  85  43  26  71  28  15
[1051]  87  84  82  51  47  53  72  42  10  40  16  52  94  60  51  74  68  37  27  74  70
[1072]  48  76  76  55  91  37  89  79  81  22  88   9  39  87  67  70  96  15  87  15  75
[1093]  77  33  39  91  76  93  15  96  20  84  88   2  64  41  12  61  20  75  34  94  61
[1114]  18  33  18  22  85  11  58  82  22  81  67  33  17  61  77  40  42  44  80   3   3
[1135]  28  97  37  42  97  74  10  59  25  65  34  11  54  18  77  31   5  67  91  20  14
[1156]  97  72  36  91  54  54  93   5  29  67  28  46  94  32   8  75  23  34  96  50  50
[1177]  34  82  87  77  33  78  42  10 100  86  69  95  54  51  60  50  85  33   8  29   8
[1198]  59  42 100  54  29  85   9  27  92  38  65  41  47   4  43  29  98  60  18  35  12
[1219]  31  72  18  34  25  99  92   3  91  58  97  59  98  66  13   1  54  76   4  39  15
[1240]  69  81  97  60  86   8  65  18  92  57  90  41  47  70  63  30  90  26  95  38  98
[1261]  29   6  59  76  79  28  14  60   5  85  88  14  56   7  21 100  19  14  29  34  16
[1282]  52  92  81  68  88  38  48  15   1  35  91  63  46  77  61   7  58  54  97  16  34
[1303]  96  45  48  77  33  70  26   3  14  70   8  39  13  33  56  16  43  68   8  47  57
[1324]  13  88  69  87  66  77  37  22  34  94   1  37  88  26  52  22  74   3  33  54  45
[1345]  31  81  26  12  39  13  14  23  74  30  48  41  20  36  42  54  16  38  77  63  19
[1366]  87  53  71  12  94  61  12  45  78   5  55  10  75  99  56  66   8  81  86  77  90
[1387]   9  62  82   7  37  21  70  64  45   4  91  20  12  28  48  30  20  20  48  20  51
[1408]  94  64  48  21   2   2  36  18  57   5  87  41  39  59  25  27  22  55  39  26   4
[1429]  82  43  63  20  72  66  48  18  17   6  99  53  53  69  99  50  80  16  22  13   8
[1450]  54  68  52  54  16  52  13  20  93  90  97   1  68  11  66  46   1  30  85  84   9
[1471]  11  21  10  58  34  55  10  39  74  13  81  44  30  47  77  32 100  27   2  45  95
[1492]  65  85  34  75  49  91  14  70   9  16  43  79  46  63  90  93  46  99  34  58  12
[1513]  95  21  12  60  24  15   8  69  68  63  84  84  75   5  46   3  65  59  10  28  39
[1534]  57  55  66  48  61  92  89  57  93  42  79  13  18   2   5  85  33  55  14  13  48
[1555]  91  96  75  80  76  36  56   9  80  16  35  29  96  90  47  21  70  39  35  35  95
[1576]  21  67  12  80  61  20  10  35  87  20  86  69  94  70  75  21  47  42  43  98  21
[1597]  40   6  62  59  97  36  79 100  81  14  95  70  21  71   1  61   6  14  86  92  24
[1618]  92  82   2  86  69  85  62  25  91  38  79  85  54   8  21  49  34  22  70  77  76
[1639]  27  61  65  62  70  19   7  23  51   6  52  75  75  33   4   2   9  73  48  66  68
[1660]  56   1  69  43  33  82  82  67  96  64  88  88  96  93  46  65  17  22  49  87   2
[1681]  68  56  78  82  27  81  83  91  81   2  10  96  87  37  60  54  56  46  24  96  40
[1702]  98  35  61 100  83  94  54  85  65  33  92  42  20  60  48  17  20  36  33  61  30
[1723]  85   5  88  85  12  17  28  49 100  67  39  30  77  87  79  51  74  23  29  35  86
[1744]  22  57  48  38  72  65  41  11  98  87  30  84  36  61  15  74  65  98  28  80  46
[1765]  83  22  27  79  70  60  21  71  98  71  91  64  88  60  43  34  30  39   6  64  37
[1786]   3  52   7  80  73  15  81  33  59  63  14  93  21  20   5  35   4  19  89  19  93
[1807]  57  78  71  48  37 100  78  84  44  42   7  37  45  41  26  78  90  82  21  68  82
[1828]  74  77  71  41  50  96  51  10  91  32  58  34  11   7  44  82  58  91  28  77   4
[1849]  88  42  79  43  94  15  57  19  56  29  22  80  22  78  44  20   3  70  42  46   1
[1870]  82  67  79  80  60  22  82  46  86  93  25  50  19   5  16  64  19  24  91   7  18
[1891]  77  64  39  83  75  25  51  50  59  85  12  50   9  15  33  44  54  22  52  14  68
[1912]  32  59  58   8  89  16  15  26  91  51  85  40   7   9   2  14  34  79  99  91  92
[1933]  32  87  60  48  44  88  87  58  61  80  15  11  58  34  20  20  12  22  20 100  75
[1954]   6   3  45  45  21  85  97  81  62   4  23  89  31  60  11  11  57  71  69  48   1
[1975]  92  64  78  43  80  89   8  69  71  76   3   8   7  86  66  86  55  50  52  20  84
[1996]  63  16  57  21  81  50  55  53  65  71  18 100  92  85  95  35  19  68  49  51  22
[2017]   7  46  96  84   7  30  70  52  12  75  64  63  49  65  16  76  85  82  78   3  78
[2038]  22  71  95  93  85  49  17  31  64  34  65  90  90  18  22  53  67  48  52  97  87
[2059]  93  63  95  27  95  38  11  51  82  34  70  23  88  61  75  83  29  91  13  63  94
[2080]  58  23  38  95  41   5  96  10  16  98  52  41  51  73  43  26  92  69  43  30  34
[2101]  28  51  53  41  50  89  86  70  81  58  31  45 100  71  76  26  24  69  37  15  17
[2122]  88  41  95  60  99  11  96  36  88  86  32  77  73  29  56  91  94  23   8  21  31
[2143]  64  39  46  15 100  64  45  12  66  18  56  77  35  92  27  34   3  93  55   2  80
[2164]  66  43  12  14  90  42  12  48   9  97   3  21  49  73  46  25  42  15  52  89  45
[2185]  21  40  24  60   6  57  29  71  58  80  79   3  73  18  95   7  30  34  77  12  60
[2206]  90  18  49   2  26  18  96  29  37  93  76  26  36  72  26  33  81  54  18  39  23
[2227]  47  80  76  93  36  74  75  19  31  63  46  67  14  94  99  61  71  77  83  23  96
[2248]  12  81   1  70  89  16 100  39  51  54  24   6   4   5  12  13  48  27  38  23  92
[2269]  11  53  55   2  52  79  12  52  67  82  52  53  28  17  45   2  32  30  59  73  19
[2290]  17  48  60  24  71  84  17  78  14  38  36   6  10  13   3  47  29  96  76  66  51
[2311]  28  27  38  36  16  86  70  64  94  39  83  66  86   6  51  47  21   4  31  12  41
[2332]  57  44  53  38  75  27  12  84  66  47  10  48  61   9  45  86  90  43  27  65  31
[2353]  41  37  81  65  95  12  70  80  78   5  21  80  71  72   4   9  36  53  52  88  92
[2374]  95  29  28  27  91  50  93  95  22  81  67  77  18  34  28  51  89  28  55  76  50
[2395]  52  14  48  22  61  44  18  93  22  12  55  91  24  89  23  90  52  86  13  85  44
[2416]  93  56  48  47   6  77  55  69  74  73  19  24  71  47  19   1  72  98  55  87  16
[2437]  17  13  42   9  46   9  93  35  55  56  30  70  27   4  14  14  94  59  22  86   6
[2458]  67  11  81  81  70  73  50  67  20  53  16  23  37   6  53  64  11  75  49  46  88
[2479]  10  38  42  22  47  27  36  14  36  21  46  31  20  74   2  68  42 100   5  21  97
[2500]  17  22  28  56  87  69  35  50  81  58   5   3  77  71  13  46   6  68  90  47  84
[2521]  84  59   9  71  89  27  60  66  40  76  42  15  19  43  25  43  95  36  46  81  50
[2542]  79   8  99  63  22  62  50  21  73  97  92  93  20 100  74  75  26  95   6  20  29
[2563]  29  13  99  28  92  49  74  61  16  41  66  73  66  38   8  49  78  72  20  93  33
[2584]  46   7  50  11   2  94  69  21  77  52  54  85  65  63  21  19 100  32  31  76  98
[2605]  69  23  22  23  76  97  24   2  20  99  89  95  52  53  81  66  50  21  11  42   2
[2626]  13  12  80  74  71  18  78  14  63  66  86   7  39  64  37  40  80  53  91  45  55
[2647]  82  53  34  33  50  70  20  93  78  85   7  95  77  72  66  81  84  27  11  83  92
[2668]  20  83  54  55  80  75  71  37  99  75  11  26  47  67  38  42  14  96  96   1  25
[2689]  98   9  73  47  33  36  27  91   1  71  63  95  36  27  41  86  31  36  54  14  28
[2710]  98  43  70  61   2  61  29  92  49  87  16  70  83  53  72  46  51  51  68  78  95
[2731]  64  67  28  62  84  45  32   9  13  74  86  32  92  75  18  52   1  86  40  36  58
[2752]  35  30  34  82  22  19  14  19  76   5  78  63   3   5  10  97  75  91  58  95  70
[2773]  60  75  93  90  55  51  95  71  71  89   7  48  86  96  37  99  57  42  85 100  31
[2794]  39  30  78 100  28  51  16  48  33  36  62  32  78  30  74  35  66  81  65  59  98
[2815]  49  66  15  81  78  33  95  15  11  26  21  76  39  75  70  57  43  78  13  68  27
[2836]  53  54  36  64   2   4   5  94  63  25  52  65  38  55  53  96  69  96   4  38  38
[2857]  96 100  55   7   4  15   8  33  17  19  45  26  87  67  74  76  27  75  29  72  87
[2878]  13  35  29  77  19  56  15  93  26  20  69  20  31  88  26  93  73  80  24  89  61
[2899]  30  92  67  61  70  25  69  92  83  99  48  42  31  64  33  40  95  98  50  27   4
[2920]   2  42  89  16  26  38  23  30  85  13  90  82  79  58  32  74  10  68  35  94  44
[2941]  42  31  15  82  65  13  52  49  81  67  56  38  12  66   2  52  34  20  39  42  58
[2962]  34  29  46  48  79  55  85  82  17  31  72  18  91  62   1  86  31   5  36  45   6
[2983] 100  16  62  48  22  77  41  37  45  53  52   3  15  96  90  36  78  80  46  96  91
[3004]  12  22  50  97 100  58  81  71  35  81  23  11  11  55  44  22  57  96  20  87  29
[3025]  88   7  67  53  42  66  33   5  93  32  52  75  89  60  61  44   4  87   4  14  31
[3046]  65  11  42  51  18  79  35  38  21  28  31  85  56   6  31  14   1  86  74  67  63
[3067]  49  31  79   2  28  42  93  68  91  20   5  57  10  29  87  76  69  91  75 100  15
[3088]  29  76  77  48  79  39  61  91  91  82  68  53   5  57  73  90  76  14  81   6   9
[3109]  23  81  10  14  76  76  84  49  79  40  93  90  69  29  15  86  60  63  92  29  15
[3130]  60  38  89  78   3  16  53  64  85  78  90   3  86  96  80  87   2  40  81  44  84
[3151]  52  75  88  95  81  17  54  49  35  27  75  35  21  35  43  97  10  28  86  23  81
[3172]  83  71  56  51  13  53  15  83  36  37  65  96  15  85  43  37  29  42  45  53  10
[3193]  18  32  13   7   8  70  74  39   9  97  55   2  21  27  20  69  84  85  10  78  84
[3214]  20   6  89  89  18  26  86  40  78  61  25   7  46  34  39 100  65  78  27  94  81
[3235]  45  17  66  60  18 100   7  66  78  62  41   3  12  48  11  41  44  53  89   3  13
[3256]  70  60  67  37  97  89  53  31  90  57  78  91  17   7  77  69  38  27   5  78  70
[3277]  57  75  52  89  26  24  81  21  17  23  89  23  60  63  60  89  98  70  71  31  29
[3298]  65  35  99  88  27  18  10  11  94  31  17  96   8  60  82  92  54  75  68  41  91
[3319]  34  30  27  68  78  26  95  17  82  65  36  90  95  23  73  96  29  26  70  92  92
[3340]  28  73  54  25   6  22  13  80  66  45  72  58  23  66  10   9  43   5  91  41  75
[3361]  78  12   8  13  29  43  59   5  38  36  81  14  99  54  59  70  11  17  73  80  38
[3382]  49  17  42  58  16  92  56  66  37   3  39  85 100  17  36  35  46  33  31  47  59
[3403]  49  44  53  65  28  96   1  87  21  69  52  48  39  31  52  18  66  15  89  40  15
[3424]  35  32  30  70  34  46   1  29  36  57  40  15  26  48  98  14  55  24  80  28   5
[3445]  76  51  56  88  11  20  56   7  13  97  23  20  14  71  61  67   7  27  11  93  26
[3466]  29  96  28  19  81  65  88  94  38  48  54  92  68  50  44  14  48  98   2  11  62
[3487]  41  91  19   5  19   3  13  94  43  37  65  75  38  72  26  28  13  43  72  74  58
[3508]  65  65  84  31  21   6  19  56  27  55  44 100  86  42  44  95  38  19   4  69  51
[3529]  84  79  31  21  46  58  84  43  64  41   9  81  28  67  19  92  55   5  71  50  71
[3550]  46  89  14  73  44  21  15  17  50  18  13   5  78  64   5   9  83  55  40   1  70
[3571]  53  11  14  92  57  42  41  61  56  18  75   5  70  79  86  14  34  74  18  99   5
[3592]  52  97   4   4  37  48  93  90   4  15  62  60  74  66  64  12  72  31 100  61  36
[3613]  38  72  66  98  12  44   4  41  37  91  98  56  80  80  76  82  60  28  32  14  34
[3634]  99  49  11  86  68   2  85  75  88   2  67  33  11  17  23  50  38  40  19  97   5
[3655]  27  60  34  82  13  31  94  36  24  26  41  10  11  61  53  18  56  61  47  22  36
[3676]  70  89   1  44  42  75  66  23  76  68  40  62  40  18  59   3  63  57  62  65  24
[3697]  26  51 100  57  95  60  25  72  84  44  14  36   4  81  36  99  58  37  66  43  27
[3718]  84  20   3  68  19  44  34 100  90  40  89  71  88  88  25  42  33  63  39  30  33
[3739]  52  28  39  36  58  65   9  19  53 100  59  59  91  53  59  36  74  35  43  26   7
[3760]  53  68   8  24  75  67  25  26  20  34  71  17  66  24  14  79  94  58  86  60  58
[3781]  53  55  96  41  76  19  61  13  76  85   3  29  19   7  29  14  55  62  32  19  75
[3802]  73   7  27  99  77  51  80  17  50  45  85  38  46  52  86   8   9   6  16  95  98
[3823]  13  34  61  39   3  20  25  58  63  87  83  11  22  98  14  45  31  94  90  96  70
[3844]  75  70  30  93  94  65  10  85  40  94  83  24  57  44  73  98  70  19  87  42  52
[3865]  28  19  80  91  15  58  22  62  91  32  40  86  65  86   1  23  57  11  19  65  29
[3886]  38  14  82  67  55  74  32   3  84  83  21  72  18  92   1  25  65  81   7  62  16
[3907]  64 100  48  62  14  78  98  93  28  67  71  12  67  44  84  62  84  19  21  70  52
[3928]  25  84  16  92  28  83  20  80  60  23  22  58  72  70  52  67  50   3  41  74   8
[3949]   6  35  85  89  61  63  88  50  48  37  84  82  38  62  82  13  37  73 100  78  63
[3970]  15  14  62  94  96  77   9  30  16  49  43  47  72  96  39  81  46  90  58  32  19
[3991]  48   4   4  40  77  41   2   3  56  33  40  81  45  95  63  19  33  76  34  53  92
[4012]  71  14  21  62  59  63  51   3  97  96  76  41  99  68  11  85  93  41  76  10  82
[4033]  75  20  56  63  30  81  28  70  18   3  37   1  64  65  90  46  20   9  65   7  89
[4054]  23  80  40  28  37  36  45  16  88  63  95  41  44  67  47  22   1  27   6  66  85
[4075]  53  46  19  50  28  34  71  32  53  96 100  78  25  92  11  46  44  79  67  96  21
[4096]  46  26  17  44  89  93  29   6  84  90  58  93  98  85  53  88  75  74  49  50  33
[4117]  12  51  93  70  77  80  43  16  48  59   2  20  90  27  61  52  22   9  91  15  39
[4138]  81  97   9  84  92  29  77  44  34  73  79  11  14  71  11 100  17  40  80  93  86
[4159]  70  88  76  77  25  50  17   4  51  67  26   3   6  27  99  47  67  76  77  28  54
[4180]   6  53  87  69  43  33  49  49  84  28  88  62  73  46  49   7  79  86   8  86  29
[4201]  79   5  34  88  23  40  30  29  46  52  99  16   5  35  19  32  19   8  91  45  86
[4222]  84  64  64 100  70  70  36   5  21  64  78  48  21  78  87  65   5   6  64   6   5
[4243]  28  51  55  63  95  29  85  64  43  89  28  17  23  15  92  48  79  98  28   1  22
[4264]  28  82  39  83  15  84  92  58  46  45   2  83  22  59  23   6  60  85  37  17  75
[4285]   3  40  36  98  80  88  71  71  36   4  55  16  97  55  74  19  31  67   2  91  45
[4306]  67 100  82  62   9  55   7  24  54  59  37  24  51  44  46   8  54  15   4  10  65
[4327]  72  40   7  13  16  41  79  87  76  73  47  83  81  19   5  98  92  72  63   4  90
[4348]  97  47  62  91  94  37  34  18  43  25  79  18  81  17   3  59  22  25  61  19  59
[4369]  64  68  63  10   5  99  66  55  90  28  13   2  98  18  68  63  74  11  50   6  50
[4390]  92  76   2  48  43  54  71  53   8  42  51  18  98  12  64  40  75  77  63  94  66
[4411]  53  17  52  61  91  34  13   6  84  72  81  65  41  45  69  50  50  75  82  85  30
[4432]  83  75  48  43   1   9  97   2  96  45  52  15  66  30  95  41  36  10   4   3  66
[4453]  46  93  61   1  15   7  45  75  29  16  94   6  20  80  19 100  35  43  66  47  82
[4474]  47  46  76  78  42   2  74  91  76  94  99  55  13  22  32  79  85  33  41   7  60
[4495]  46   3  44  84  36  55  19  50  75  59  37  69  54  93  38  44  36   9  93  42  54
[4516]  74  80  63  43  38  70  58  91  71   7  50  88   7  26  80  58  51  53  76  97  78
[4537]  16  93   4  17  67  22  68  93   5  60  27  97  94  32  71  65  53  78  18  18   4
[4558]  36  54  85  20  58  65  70   2  44  47  92  11  72  24  67   9  29  80  14   9  95
[4579]  42  96  39  84  60  26   1  59  10  78 100  89  17  38  20  29  20  19  50  35  85
[4600]  94  28   1  39   1  37  43  62  16  42  88  71  16  13  71   9  53  74  37  20  51
[4621]  59  78  96  82  20  92  10  64  90  82  21  85  59  61  89  39  46  61  43  23  64
[4642]  11  37  42  83  64  25  27  87  19  18  10  63  16  74   1  58   5  98  68  46  80
[4663]   4  66  47  35  24  14  19   4  86  38  66  64  20  45  73  49  58  76  49   5  59
[4684]  97  93 100   1  90  66  84   9  57  53  75  33  93  59  43  44  27  21  61  72  81
[4705]  29  51  73  52  67  20  50  36  83  49  37  88  59  47  16  73  17  76  70  26   4
[4726]  32  38   7  27  52  54  38  65  91  98  22   6  35  53  75   8  72  95  12  36   4
[4747]  84  47  77  69   6  68  54  25  99  49  17  38  56  61  41  83  10  82  98  35  59
[4768]  25  72  99  92  70  16  36  26  26  46  40  14  53  94  73  71  51  69  37  36  95
[4789]  25  51  61  67   6  24  20 100  98  94  51  93  32  17  34  91  30  16  93  69  76
[4810]  11  99  12  13  38  31   7  29  65  17  85  59  83  76  73  69   7  26  70  35  99
[4831]  13   1 100  22  10  33  80  23  75  48  67  19  65  83  60  44  30  71  18  27  41
[4852]  42  42  85  35   3  93  98  94  32  59  45  40  77 100  33  59  63  16  84  79  75
[4873]  45  88  66  24   1  70  62  72  25  70  90  62  32  35  37  69  60  27  30  50  48
[4894]  96  40  23  59  26  66  60   4  83  37  28  35  82  40  40  32  61   9  19  51  47
[4915]  31  20  63  64  75  61  58   9  31  66  55  50  34  15  30  26  89  37  70  32  44
[4936]  52  26  14   8  75  85  74  28   6  93   1  82  98  20  34  73  47  15  75  13 100
[4957]  44  46  36  67   9  84  17  64  12  87  73   7  12  32  32  99  11  71  51  63  57
[4978]  91  84  29  16  47  53  18  35  93  49  16  23  93  92   7   6  12  35  87  82  95
[4999]  98  35
