Parameters for simulation. Weather from davis data. 
 Run type = standard
traits = day temp precip cutemp cuprecip
best.precip has value 10.000000 
best.temp has value 10.000000 
duration has value 10.000000 
N has value 10.000000 
numYears has value 10.000000 
runType has value 10.000000 
 sds= 
$day
[1] 3.65

$temp
[1] 0.45

$precip
[1] 1

$cutemp
[1] 90

$cuprecip
[1] 6

$daysq
[1] 1332.25

$tempsq
[1] 19.7136

$precipsq
[1] 100

$cutempsq
[1] 2500

$cuprecipsq
[1] 200


 mutrate=
$day
[1] 0.01

$temp
[1] 0.01

$precip
[1] 0.01

$cutemp
[1] 0.01

$cuprecip
[1] 0.01

$daysq
[1] 0

$tempsq
[1] 0

$precipsq
[1] 0

$cutempsq
[1] 0

$cuprecipsq
[1] 0


 start=
$day
[1]    1 1825

$temp
[1]   5 225

$precip
[1] 1e-02 5e+02

$cutemp
[1]     5 45000

$cuprecip
[1] 1e-02 3e+03

$daysq
[1] 0

$tempsq
[1] 0

$precipsq
[1] 0

$cutempsq
[1] 0

$cuprecipsq
[1] 0


 years.index=
  [1]  22  35  82  44  15   3  37  15  21  84  17  56  22  68  92  34  61  54  51  50  12   4   7  30  75  46  54  75  56  42   9  17  76  79  74  55  12
 [38]  26 100  56   9   7  49  56  56   7  37  84  68  64  68  56  74   9   5  76   9  30   7   4  86  76  96  35   5  44  55  26  47  76  12 100   7  47
 [75]  53  84  46  54  47  56  17  61  68  96  54  61  30  75  75  49  84  51  50  54  53  73  82  50   7  51  55  51  42  12  49  49 100  86  38  50  73
[112]  53  55  73  70  50  28 100  28  56  30  55  56   6  96  53  38  82  30  96  28   3  84  64   7  49  46  68  17  92  55  37  22  82  64  68 100  84
[149]  50  49  88  17   4  74  84  75  73  15  84  14  42  72  26   5  47  47  55 100  28  74  68  14  82  12  55  49  72  42  84  44  22  86  79   4  54
[186]  47  30  14  23  70  51  53  79  35  54 100  79  35  54  88  12  82  49  51   5  47   5  38  75   6  23  26  23  47   7  50  47   5 100  12  53   7
[223]  56 100  55   4  54   4  75  34  56  50  42  72  47  21  34   7  88  53  42   3  26  53  76 100  76  15  23  22  30   5  96  64   9   4  75  96  82
[260]  42  84   4  70  88  44  56  76   7  79  75  49  23  55  79  79  73  46  68  12  37   7  28  82  79  47  21  42  15  72  82  92  17  28  82 100  53
[297]  51   9  47  61  88  35  61  21   3  38  30  72  12  38  21  79  72  72  76  64  75  53  15   4  72  34  46  44  73  26  64  79  56  17  23  37   4
[334]  86  88 100   3  35   4  47  46  21  75  30  55   6  46  61   7  30  72   6  84  82  12  92  22  12  86  68  73  84  42  21  54  23   7  55  84  46
[371]  15  98  56  98   9  55   5  47  74  56   6  76 100  54  12  53  73  38   5  35  17  53   9  23  92  72  56  37  44   7 100  98  50  72  50 100  88
[408]  30  14  26   5  23  64  64  55  55  64  88  75  12  38  55  75  24 100  15  96  24  22  46  79 100  76  46  79  84   7  76  38  73   4  76  54  14
[445]   4  72  88  70   5  79   4  76  73  21  12  42  73  79   7  96  42  64  28  50  96   7  46  61  23  12  26  47   9  61  26  38  26  74  50  96  14
[482]  98  64   6  68  84   9  96  50  24  79  64  88  14  56  46  86  51  24  30
