Parameters for simulation. Weather from davis data. 
 Run type = standard
traits = day cutemp cuprecip
best.precip has value 10.000000 
best.temp has value 10.000000 
duration has value 10.000000 
N has value 10.000000 
numYears has value 10.000000 
runType has value 10.000000 
 sds= 
$day
[1] 3.65

$temp
[1] 0.45

$precip
[1] 1

$cutemp
[1] 90

$cuprecip
[1] 6

$daysq
[1] 1332.25

$tempsq
[1] 19.7136

$precipsq
[1] 100

$cutempsq
[1] 2500

$cuprecipsq
[1] 200


 mutrate=
$day
[1] 0.01

$temp
[1] 0

$precip
[1] 0

$cutemp
[1] 0.01

$cuprecip
[1] 0.01

$daysq
[1] 0

$tempsq
[1] 0

$precipsq
[1] 0

$cutempsq
[1] 0

$cuprecipsq
[1] 0


 start=
$day
[1]    1 1095

$temp
[1] 0

$precip
[1] 0

$cutemp
[1]     5 27000

$cuprecip
[1]    0.01 1800.00

$daysq
[1] 0

$tempsq
[1] 0

$precipsq
[1] 0

$cutempsq
[1] 0

$cuprecipsq
[1] 0


 years.index=
  [1]  95  81 101  51  34  57  82  81  98  72  23  18  26   2
 [15]  37 101  75   3  37   9  93  72  82  17  57  85  59  90
 [29]  25  78   2  54  62  77  11  24  98  72  96  71  93  57
 [43]  31   8  35  66  41  59  24  49  20  85  41  99  13  43
 [57] 100  42  91  22  55  38  70  30  56  68   9  77  53  92
 [71]  62  34  80  38  83  89  36  44  76  41  84  36  86  96
 [85]  11  58  73  28  87  18   4  29  21  15  68  20  16   1
 [99]   9  91  60  64  97  16  11  71  24   8  94  38  69  13
[113]  96  61  15  82  16  14  57  58  39  97  48  65  90  76
[127]   4  33  12  97  76  82  62  26  76  97  15  35  32  91
[141]  36  94  85  48  27  14   8  85  66  32  59  19  89   6
[155]   5  22  88  66  66  12  39  35  61  63  32  22  62  13
[169]  69  59  46  27  70  83  84  68  96  48  52  63 100  62
[183]  50  27  88  41  14  39  59  65  78  43  96   5  16   4
[197]  71  52  58  75  20  40  99  56  10   3  78  88  22  15
[211]   8   3  73  96  84  32  22  83  69  90  90  22  34  40
[225]  33  16  36  97  70  28  67  90  51   4   9  36  53  42
[239]  60  74  15  48   9  84  59  64  93  39  32  94  11  60
[253]  83  32  10  76  29   1  59  46  11  17  84  72  73  63
[267]  62  36  50  74  35  54  75  38  81  83  94  49  52  49
[281]  80  26  57  70  19   5  35  93  49  90  64  63   6  45
[295]  27  45  72  69  94  14  71   6  24  59  93 101  84  62
[309]  88  49  76  26  83  48  55  48  41  48  80  26   8  89
[323]  38  57  60  26  23  78  44  59  80  65  93  40  51  95
[337]  72  79  80   5  98  91  22   7  84  17  33   4  45  17
[351]  21  24  94  95  35  67  28  29  59  76  16  15  23  86
[365]  64  98  62  68  92  19   6  31  34  33  14  60  87  34
[379]   4  76  16  69  34  35  18  72  29  97  73  83  21  84
[393]  88  74  29  57  20  93  37  47  57  59  78  94  46  79
[407]  85  95  27  42  63  55  53  53  75  21  28  48  45  50
[421]  91  28 101  25  83  86  51  61  74   7  10  83   7  87
[435]  63  47  52  16  31  90 100  70  25  66  33  56  12  54
[449]  30  11   2  48  15  31  54  24  85  77  34  66  85  60
[463]  16  25  18  31   8   7  45  52  39  47  69  39  28  75
[477]  15  55  24  15  23  87  92  10  35  39  11  29  14  58
[491]  75   2  37  17  75  49   2  98   5  31
