Parameters for simulation. Weather from davis data. 
 Run type = standard
traits = day temp precip cutemp cuprecip
best.precip has value 10.000000 
best.temp has value 10.000000 
duration has value 10.000000 
N has value 10.000000 
numYears has value 10.000000 
runType has value 10.000000 
 sds= 
$day
[1] 3.65

$temp
[1] 0.45

$precip
[1] 1

$cutemp
[1] 90

$cuprecip
[1] 6

$daysq
[1] 1332.25

$tempsq
[1] 19.7136

$precipsq
[1] 100

$cutempsq
[1] 2500

$cuprecipsq
[1] 200


 mutrate=
$day
[1] 0.01

$temp
[1] 0.01

$precip
[1] 0.01

$cutemp
[1] 0.01

$cuprecip
[1] 0.01

$daysq
[1] 0

$tempsq
[1] 0

$precipsq
[1] 0

$cutempsq
[1] 0

$cuprecipsq
[1] 0


 start=
$day
[1]    1 1825

$temp
[1]   5 225

$precip
[1] 1e-02 5e+02

$cutemp
[1]     5 45000

$cuprecip
[1] 1e-02 3e+03

$daysq
[1] 0

$tempsq
[1] 0

$precipsq
[1] 0

$cutempsq
[1] 0

$cuprecipsq
[1] 0


 years.index=
  [1]  46  23  75   3  55  50  23  61  26  84  42  98  23  47  51  17  28  49  98   7  26  17  72  28  96  38  82  24  64  72  55  98  51  76  61  46  51
 [38]  23  47  75  38  75  56   9  64  47  56  92  64  96  35  35  17  74  12  76  70   5  22  73  76   5  17  92  22   3  70  42  37  30  47  55   3  50
 [75]  96  56  30  46  86   5  56  68  70  68  23  35  28  76  82  79  14  38  75   6  53  73  72  92   7   9  74  64  82  15  42  21  68  44  74  75  74
[112]  86  50  34  24  12  73  51  76  72  72  46  28  12  96  53  74  28   5  46  92  21  72  12  50  30  86  92   4  88  12  88  23  84  51  49  47  54
[149]  44  34  55  56  50  22  22  22  28   7  86  47  44  35  92  50  42   5  76  55   5  73  82  86  51  76  56  72  98   7   5  35  72   6  28  76  15
[186]  15  68  61 100  12  44  56  35  17  17  76  75  50  74  12  56  64  30  30  51  49  44  21  22  51  12  53  55  26  84  54  96  64  75  84   7  70
[223] 100  28  53  68  92  46  72  50  74  37  64  21  68 100   6  79   7  50  12  53  38   7  74  68  34  54  61  30  34  82  28  51  17  23  88  14  96
[260]  51  72   3  17  79  30  72  76  12  76  12  86  76  17  64  86  68  98  64  47  55   6  24  30  35  46 100  82  28  88  96  14  23  26  54  56  51
[297]  86  50  82  72  35  38  86  47  86  46  86  44  82  92  47  14  86   9  74  70  76  44  55  61   5  74  15  23   5  14  74   3  49  37   4  22  24
[334]  76   5  53  96  14  70  98  79  74  92 100   4  51   3  74  70  96  70   4   6   9  22   5   6  44  42  46  34  37  79  92  76  79  86  96  98   9
[371]  55  24  86  26  56  82  30  15  12  30  23  50   6  56  30  12  84  75  46  64  92   4  26  51  38  17  98  88  12  56   9  15  51   4  70  46   5
[408]  61  30  44  70  21  28  92  12  84  98  22  14  61  56  50  72  35  86  37  55  54  47  53   7  86  23  42  79  46  84  35  64  22   7  51  73  38
[445]   3  68  98  70  30  92  34  17  22  15  70  49  64  47  22  22   3  42   5  70  61  98  14  21  86   9  12  24  56   3  55  73   4   3  49  79  98
[482]   5  51   9  88  55  55  51  23  56   3   4  35  23  53  88  14  64  74  14
