Parameters for simulation. Weather from davis data. 
 Run type = standard
traits = day temp precip
best.precip has value 10.000000 
best.temp has value 10.000000 
duration has value 10.000000 
N has value 10.000000 
numYears has value 10.000000 
runType has value 10.000000 
 sds= 
$day
[1] 3.65

$temp
[1] 0.45

$precip
[1] 1

$cutemp
[1] 90

$cuprecip
[1] 6

$daysq
[1] 1332.25

$tempsq
[1] 19.7136

$precipsq
[1] 100

$cutempsq
[1] 2500

$cuprecipsq
[1] 200


 mutrate=
$day
[1] 0.01

$temp
[1] 0.01

$precip
[1] 0.01

$cutemp
[1] 0

$cuprecip
[1] 0

$daysq
[1] 0

$tempsq
[1] 0

$precipsq
[1] 0

$cutempsq
[1] 0

$cuprecipsq
[1] 0


 start=
$day
[1]    1 1095

$temp
[1]   5 135

$precip
[1] 1e-02 3e+02

$cutemp
[1] 0

$cuprecip
[1] 0

$daysq
[1] 0

$tempsq
[1] 0

$precipsq
[1] 0

$cutempsq
[1] 0

$cuprecipsq
[1] 0


 years.index=
   [1]  98  69  57  35 100  40  36  62  18  86  57   7  35  77  13   7
  [17]  58  58  13   3 100  55  94  73  39  46  24  94   3  77  22  73
  [33]  42  42   7  23  21   9   7  26  86  73  46  13   9  17  66  66
  [49]  24  82 101  57  30  91  40  42  26  24  56  63  62  23 100 101
  [65]  98  50  75  16  23  58  85  82  39  66  23  70  66  56  23  23
  [81]  56  66  35  73  18  18 100  23  39  86  18  24  97  63  61  40
  [97]  82 100  73  40  57  56  42  73  30  54  56  61  75  84  36  18
 [113]  97  61  75  18  69   9  82  21  58  36  17  85   3  39  55  69
 [129]  91  57  58  50  87   7 101  45  73  17  62  25  25  16  21  50
 [145]  66  66  52  23  17  22  61  58  22  97  57  25  70  73  22  16
 [161]  70  96  25  91  30  22  56  23  73  57  21  54  75  63  86  39
 [177]  86  50  97  25  75 100  58  30   9  61  97  69  54 101  42  22
 [193]  61  87  40  85  45  36  36  46  24  69  96  26  24 100   3  57
 [209]  42  42  22  35  66 101  75   3  13 101  96  63  84  54  58 101
 [225]  84  85  61  69  91  86  94  58 100  86  61  85  56  91  85  82
 [241]  46  61  96  50   7  17  23  13  66  62  82  86  97  30  69  26
 [257]  45  22  42  69  87  50  36  87  69   7  97  56  97  36  97   7
 [273]  94  75  77   9   7  13  50  97  63  24   9  97  58  84  69  40
 [289]  62 100  25   3  55  23  52  16  98  85 100  30  25  97  84  85
 [305]  26  22  63  75  84  23  62  35 101  98  21  62  77  45  73  17
 [321]  73  96  75  21  57  54  91  56  63  24  18  61  77  26  45  36
 [337]  46  55  22   9  22  82  86  23  77  85  50  24  62  54  52  84
 [353] 100  66 101  85  91  81  77  77  16  81  57   3  66  21  30  39
 [369]  17  61  62  85  54  52  75  45  46  75  45  46  45  26  70  25
 [385]  82  40  25  96  73  50  56  39  63  18  52   3 100  56  24  70
 [401]  36  98  57  97  24  30  17  54  81  70  22  30  58  24  21  73
 [417]  70  18  82  85  85  63  81  52 101  26   7  22  86  40  26  62
 [433]  97  30  96  54  70  91   7  61  91  21 101  35  45  62   7  57
 [449] 101  17  55  25  58  75  85 100  42  45  25 101  22  77  40  16
 [465]  42  56  91  18  58  24  84  45  75  81   3  42  61  63  84  75
 [481]  55  66  18  62  54   9  61  70  85  63  25  91  66 101  21  56
 [497]  58  24  69  57  84  22   7 100  55  86  81  56 100  97  84 100
 [513]  16  55  18  94   7  39  17  45  97  61  81  35  94  21  98  17
 [529]   3  94  69  55  39  62  85  91  18  54  66  87  55  52   9  21
 [545]  46  18  77  66  35  16  77  61  21  81  69  22  77  40 101 101
 [561]  96  94  62  21  30  24  21  98  25  40  18 100  50  96 101  56
 [577]  98  21  62  87  22  63  96  85 101  13  24  75  36  58  84  17
 [593] 101  94  55  25 101  45  82  96  86  35 101  66  69  69  55  52
 [609]  23  87  75 100   9  21  22  81 101  55  54  17  55 100  82  25
 [625]  39  30  56  54  18  70  18  82  55  98  16  70  57  42  40   9
 [641]  50  25  87   7  97  23  97 101  52  50  87  22  57  23  52  40
 [657]   3  24 100  23  30  45  40  85  82  22  52  58  24  55  86  56
 [673]  54  46  55  91  57  85  39 100  23  81 101 100  35  45  98  58
 [689]  23 100  54 100  39  54  75  17  46  18   9  63 100  66  46  25
 [705]  40  40  50  23  70  69  63  73  35 100  17  69  81  84  16  87
 [721]  82  85  94  55  96  96  24 100  36  55  73  18  25  36  25  98
 [737]  54  52  42  21  94  91  98  45  24  86  87  54  55  63  61  23
 [753]  96  84  61  40  16  96  66  85  58  77  13  86  77   9  55  45
 [769]  35  73  42  46  22  50  45   3  58  56  24  39  91  30  73  54
 [785]  42  82  86  69  25  81  35  97  46  52  18  13  97   7  97  22
 [801]  61  82  84  75   7  62  57  61  21  40  57  45  35  21  21  62
 [817]  39  55  69  77  50  46   3  18  55  58  22  45 100  26  58  98
 [833]  54   9  94   9  36  63   7  70  87   7  26  55  81  63  75  36
 [849]  86  96  77 101  73  39  35  40  75  46  50  85  81  23  69  13
 [865]  91  62  70  87  81  57  61  58  30  52  16  91  21 101  84  84
 [881]  57  91   7  46  25  58  96  61  82  77  21  23  73  85  55  86
 [897]  61  86  63  22  81  50  77  69  42  16 100  13  36  24  16  94
 [913]  63  13  61  81  91  97  46  18  52  54  16  94  91  61  52  61
 [929]  96  45  45   7  75  52  97  91  57  62  21  84  96  61  61 101
 [945]  22  18  58   3  30  94  94 101  50  52  36  50  40  61  24  50
 [961]  21   3  50  30  98   7  87  39  98  26  25  40  22  39  69  42
 [977]  73  54  75  35  45  30  55  82  23 101   3  45  42   3  94  52
 [993]  16   9  30  39  81  24   3  36
