Parameters for simulation. Weather from davis data. 
 Run type = standard
traits = day temp precip
best.precip has value 10.000000 
best.temp has value 10.000000 
duration has value 10.000000 
N has value 10.000000 
numYears has value 10.000000 
runType has value 10.000000 
 sds= 
$day
[1] 3.65

$temp
[1] 0.45

$precip
[1] 1

$cutemp
[1] 90

$cuprecip
[1] 6

$daysq
[1] 1332.25

$tempsq
[1] 19.7136

$precipsq
[1] 100

$cutempsq
[1] 2500

$cuprecipsq
[1] 200


 mutrate=
$day
[1] 0.01

$temp
[1] 0.01

$precip
[1] 0.01

$cutemp
[1] 0

$cuprecip
[1] 0

$daysq
[1] 0

$tempsq
[1] 0

$precipsq
[1] 0

$cutempsq
[1] 0

$cuprecipsq
[1] 0


 start=
$day
[1]    1 1095

$temp
[1]   5 135

$precip
[1] 1e-02 3e+02

$cutemp
[1] 0

$cuprecip
[1] 0

$daysq
[1] 0

$tempsq
[1] 0

$precipsq
[1] 0

$cutempsq
[1] 0

$cuprecipsq
[1] 0


 years.index=
   [1]   9  36  23   7  55  70  91   7  62 101  81  61   9   3  97  30
  [17]  94  96  94  24  56  36  82   7  45  23  61  42  40  24  16  56
  [33]  16  58  77  61  66  24  35  23  62  46  62  50  40 101  66  25
  [49]  13   3  17 101  86   9  39  30   3  23  23  75   3  86 100  63
  [65]  58  91  97   3  70  16  13  26  35  50  23  85  86  35  22  39
  [81]  13  52  56  17  30  86  69  70  46  18  98  16  96  97  46  69
  [97]  61  16  42   3  66  42  62  97   7  58  87  73  69  13  57  22
 [113]  42  18  91  46  81   7  77  30  40  40  52  22  87  56  21  82
 [129]  35  30  24  16   7  36  85  96  77  97  62  81  57  26  21  36
 [145]  30   7  23  30  39  70  23  40  56  98  40 100  94  58  75  30
 [161]   9  39  40 101  45 100  40  25  91  86  46  77  46  35  62   3
 [177]  54  50  61 101  75  45  39  54  56  30  42 100  39  69  42  16
 [193]  54  84  84  75  66  26  82   9  39  70  86  86  22  58  13   9
 [209]  70  70  26  26  17  70  86  62   9  25  62  50  87  91  40  16
 [225]  17  96  75  98   7  96  98  81  54  55  61  82  35  25  75  24
 [241]   9 101  63  70  46  57  18  61  62  81  91  42  35  50  82  54
 [257]   7  81  36  85  98  91  45   7  86  45  22  45  70  45  35  57
 [273]  26  61  73  45  77  54  25  50  21  86  40  40  86  82  62  17
 [289]  50  77  75  52  52  45  50  97  61  35  75  50  66  98  86  26
 [305] 101  54  54  73  30  86  73   9  58  84   7  66  26  62  61  62
 [321]  46  66  58   9  84  55  50  36  40   9  86  73  16  25  40  81
 [337]   9  54  18  98  26  82  18  39  55  86  91  94  98  54  75  18
 [353]  42  23  17  26 101  54   7  26  73  86  77  25  57  69  97  40
 [369]  58  82  56  23   7  25  73  40  69  84  86  84 101  17  16  18
 [385]  61  75  96  77  87  66  70  85  87  21  85  13  85  13  18  45
 [401]  18  18  85  21  58  58  96  91  63  17  25  46   7  62  46  62
 [417]  42   7  84  91  21  70  58  63  46  30  85  18   3  63  24  66
 [433]  46  86  21  82  25  57  56   3  26  87  13  91   3  55  75  50
 [449]  62 101  26  13  45  24 101  25  86  75  70  70  75  35  56  57
 [465]  73  16 100  77  82 101  50  46  26   9  61  87  46  17  54  26
 [481]  22  75  77 100  23  23  97  55   3  96  85  94   9  22  16  77
 [497]  52  30  24  82  23  94  36  35  86  98  75  86  46  96  56  63
 [513]  69  52   3  21   9  84  25  87  81  86  82  82  54  63  63  62
 [529]   9  69  86  66   3  35  75  57  21  13  98  16  39  16  66  39
 [545]  85  82  81  17  84  18 101  58  39  23  13  91  26  40  97  55
 [561] 100  84  82  35 100  70  87  96  94  97  18 101  46  62  25  22
 [577]  91  54  54  70  77  16  77  86  22  91  35  96  42  18  23  98
 [593]  58  45  18  25  87  85  52  16  26  24   9  54  22  69  75  77
 [609]  57  56  21  54  57  36  46  25  81  13  18  25  54 100  87  46
 [625]  70  23  21  77  62  91  69  17  52  58  66  30  91  17  73  84
 [641]  30  77 101  69  57  81  21  94  52  81  96  21  81  25   9  25
 [657]  54  63  56  56  73  40  13  35  94  30  30  21  54  86  42   7
 [673]  97  17  84  63  16  57  56  18  57  81  16 101  98  81  77   9
 [689]  82  97  57  66  66  81  94   3  35  75  39  35  77  18  26  84
 [705]  96  40  61  73 100   7  35  61  23  97  56  94  77  63  70  58
 [721]   7  39   9  35   3 101  42  75  30  57  70  87  70  94  96  87
 [737]  23  81  23  57  54  91  61  54  70  85  18  82  82  58  50  81
 [753]  73  39  56  57  42  55  91  46  84   7  98  52  62  66  13  75
 [769]  73  13  81  81  26  73  98  26  82  58  91  85  13  70  96  39
 [785]  58   9  94  21  58  61  81  66  66  22  40  57  96  52  30  86
 [801]  45  91  77  40  55  22  69  96  84  66  63  54  97  77  35  13
 [817]  56  73   3  13  70  18   7 100  57  87  85  98  69  36   9  73
 [833]  96   9  42  13  63  25  23 100  17  81  16  57  46  61  66  91
 [849]  46  70  70  22  50  63  50  24  39   3  66  26  16  30  58  17
 [865]  85  84  16  36  17  42  36  50 100  69  42  81   9  54  35  24
 [881]  46  97  56  39  58  30  62  23  70  77  82  18  91  73  97  91
 [897]  39  52  39  22  16  66  85  16  94  45  58  17  21   3  30  82
 [913]  81  97  81  82  86  42  98  35  70  30  25  18  57  66  91  66
 [929]  96  42   3  96  46  13  82  40  97 101  56  75  63  69  75   9
 [945]  63  42 101  70  81  61  23  91  40  17  30  94  55  69  22  81
 [961]  50  75  39  63  84  26  94  70   3  30  75  86  54  61  58  81
 [977]  75  58  98   9  58  91  73   9  82  50  77   7  23   7  97  52
 [993]  56  62   7  40  96  52  55  52
