Parameters for simulation. Weather from davis data. 
best.precip has value 10.000000 
best.temp has value 10.000000 
duration has value 10.000000 
N has value 10.000000 
numYears has value 10.000000 
runType has value 10.000000 
 sds= 
  day temp precip
1 0.1  0.1    0.1

 mutrate=
  const  day temp precip
1  0.01 0.01 0.01   0.01

 start=
  daymin daymax tempmin tempmax precipmin precipmax
1     -1      1      -1       1        -1         1

 years.index=
   [1]  50  51  52  53  54  55  56  57  58  59  60  61  62  63  64  65
  [17]  66  67  68  69  70  71  72  73  74  75  76  77  78  79  80  81
  [33]  82  83  84  85  86  87  88  89  90  91  92  93  94  95  96  97
  [49]  98  99 100  50  51  52  53  54  55  56  57  58  59  60  61  62
  [65]  63  64  65  66  67  68  69  70  71  72  73  74  75  76  77  78
  [81]  79  80  81  82  83  84  85  86  87  88  89  90  91  92  93  94
  [97]  95  96  97  98  99 100  50  51  52  53  54  55  56  57  58  59
 [113]  60  61  62  63  64  65  66  67  68  69  70  71  72  73  74  75
 [129]  76  77  78  79  80  81  82  83  84  85  86  87  88  89  90  91
 [145]  92  93  94  95  96  97  98  99 100  50  51  52  53  54  55  56
 [161]  57  58  59  60  61  62  63  64  65  66  67  68  69  70  71  72
 [177]  73  74  75  76  77  78  79  80  81  82  83  84  85  86  87  88
 [193]  89  90  91  92  93  94  95  96  97  98  99 100  50  51  52  53
 [209]  54  55  56  57  58  59  60  61  62  63  64  65  66  67  68  69
 [225]  70  71  72  73  74  75  76  77  78  79  80  81  82  83  84  85
 [241]  86  87  88  89  90  91  92  93  94  95  96  97  98  99 100  50
 [257]  51  52  53  54  55  56  57  58  59  60  61  62  63  64  65  66
 [273]  67  68  69  70  71  72  73  74  75  76  77  78  79  80  81  82
 [289]  83  84  85  86  87  88  89  90  91  92  93  94  95  96  97  98
 [305]  99 100  50  51  52  53  54  55  56  57  58  59  60  61  62  63
 [321]  64  65  66  67  68  69  70  71  72  73  74  75  76  77  78  79
 [337]  80  81  82  83  84  85  86  87  88  89  90  91  92  93  94  95
 [353]  96  97  98  99 100  50  51  52  53  54  55  56  57  58  59  60
 [369]  61  62  63  64  65  66  67  68  69  70  71  72  73  74  75  76
 [385]  77  78  79  80  81  82  83  84  85  86  87  88  89  90  91  92
 [401]  93  94  95  96  97  98  99 100  50  51  52  53  54  55  56  57
 [417]  58  59  60  61  62  63  64  65  66  67  68  69  70  71  72  73
 [433]  74  75  76  77  78  79  80  81  82  83  84  85  86  87  88  89
 [449]  90  91  92  93  94  95  96  97  98  99 100  50  51  52  53  54
 [465]  55  56  57  58  59  60  61  62  63  64  65  66  67  68  69  70
 [481]  71  72  73  74  75  76  77  78  79  80  81  82  83  84  85  86
 [497]  87  88  89  90  91  92  93  94  95  96  97  98  99 100  50  51
 [513]  52  53  54  55  56  57  58  59  60  61  62  63  64  65  66  67
 [529]  68  69  70  71  72  73  74  75  76  77  78  79  80  81  82  83
 [545]  84  85  86  87  88  89  90  91  92  93  94  95  96  97  98  99
 [561] 100  50  51  52  53  54  55  56  57  58  59  60  61  62  63  64
 [577]  65  66  67  68  69  70  71  72  73  74  75  76  77  78  79  80
 [593]  81  82  83  84  85  86  87  88  89  90  91  92  93  94  95  96
 [609]  97  98  99 100  50  51  52  53  54  55  56  57  58  59  60  61
 [625]  62  63  64  65  66  67  68  69  70  71  72  73  74  75  76  77
 [641]  78  79  80  81  82  83  84  85  86  87  88  89  90  91  92  93
 [657]  94  95  96  97  98  99 100  50  51  52  53  54  55  56  57  58
 [673]  59  60  61  62  63  64  65  66  67  68  69  70  71  72  73  74
 [689]  75  76  77  78  79  80  81  82  83  84  85  86  87  88  89  90
 [705]  91  92  93  94  95  96  97  98  99 100  50  51  52  53  54  55
 [721]  56  57  58  59  60  61  62  63  64  65  66  67  68  69  70  71
 [737]  72  73  74  75  76  77  78  79  80  81  82  83  84  85  86  87
 [753]  88  89  90  91  92  93  94  95  96  97  98  99 100  50  51  52
 [769]  53  54  55  56  57  58  59  60  61  62  63  64  65  66  67  68
 [785]  69  70  71  72  73  74  75  76  77  78  79  80  81  82  83  84
 [801]  85  86  87  88  89  90  91  92  93  94  95  96  97  98  99 100
 [817]  50  51  52  53  54  55  56  57  58  59  60  61  62  63  64  65
 [833]  66  67  68  69  70  71  72  73  74  75  76  77  78  79  80  81
 [849]  82  83  84  85  86  87  88  89  90  91  92  93  94  95  96  97
 [865]  98  99 100  50  51  52  53  54  55  56  57  58  59  60  61  62
 [881]  63  64  65  66  67  68  69  70  71  72  73  74  75  76  77  78
 [897]  79  80  81  82  83  84  85  86  87  88  89  90  91  92  93  94
 [913]  95  96  97  98  99 100  50  51  52  53  54  55  56  57  58  59
 [929]  60  61  62  63  64  65  66  67  68  69  70  71  72  73  74  75
 [945]  76  77  78  79  80  81  82  83  84  85  86  87  88  89  90  91
 [961]  92  93  94  95  96  97  98  99 100  50  51  52  53  54  55  56
 [977]  57  58  59  60  61  62  63  64  65  66  67  68  69  70  71  72
 [993]  73  74  75  76  77  78  79  80  81  82  83  84  85  86  87  88
[1009]  89  90  91  92  93  94  95  96  97  98  99 100  50  51  52  53
[1025]  54  55  56  57  58  59  60  61  62  63  64  65  66  67  68  69
[1041]  70  71  72  73  74  75  76  77  78  79  80  81  82  83  84  85
[1057]  86  87  88  89  90  91  92  93  94  95  96  97  98  99 100  50
[1073]  51  52  53  54  55  56  57  58  59  60  61  62  63  64  65  66
[1089]  67  68  69  70  71  72  73  74  75  76  77  78  79  80  81  82
[1105]  83  84  85  86  87  88  89  90  91  92  93  94  95  96  97  98
[1121]  99 100  50  51  52  53  54  55  56  57  58  59  60  61  62  63
[1137]  64  65  66  67  68  69  70  71  72  73  74  75  76  77  78  79
[1153]  80  81  82  83  84  85  86  87  88  89  90  91  92  93  94  95
[1169]  96  97  98  99 100  50  51  52  53  54  55  56  57  58  59  60
[1185]  61  62  63  64  65  66  67  68  69  70  71  72  73  74  75  76
[1201]  77  78  79  80  81  82  83  84  85  86  87  88  89  90  91  92
[1217]  93  94  95  96  97  98  99 100  50  51  52  53  54  55  56  57
[1233]  58  59  60  61  62  63  64  65  66  67  68  69  70  71  72  73
[1249]  74  75  76  77  78  79  80  81  82  83  84  85  86  87  88  89
[1265]  90  91  92  93  94  95  96  97  98  99 100  50  51  52  53  54
[1281]  55  56  57  58  59  60  61  62  63  64  65  66  67  68  69  70
[1297]  71  72  73  74  75  76  77  78  79  80  81  82  83  84  85  86
[1313]  87  88  89  90  91  92  93  94  95  96  97  98  99 100  50  51
[1329]  52  53  54  55  56  57  58  59  60  61  62  63  64  65  66  67
[1345]  68  69  70  71  72  73  74  75  76  77  78  79  80  81  82  83
[1361]  84  85  86  87  88  89  90  91  92  93  94  95  96  97  98  99
[1377] 100  50  51  52  53  54  55  56  57  58  59  60  61  62  63  64
[1393]  65  66  67  68  69  70  71  72  73  74  75  76  77  78  79  80
[1409]  81  82  83  84  85  86  87  88  89  90  91  92  93  94  95  96
[1425]  97  98  99 100  50  51  52  53  54  55  56  57  58  59  60  61
[1441]  62  63  64  65  66  67  68  69  70  71  72  73  74  75  76  77
[1457]  78  79  80  81  82  83  84  85  86  87  88  89  90  91  92  93
[1473]  94  95  96  97  98  99 100  50  51  52  53  54  55  56  57  58
[1489]  59  60  61  62  63  64  65  66  67  68  69  70  71  72  73  74
[1505]  75  76  77  78  79  80  81  82  83  84  85  86  87  88  89  90
[1521]  91  92  93  94  95  96  97  98  99 100  50  51  52  53  54  55
[1537]  56  57  58  59  60  61  62  63  64  65  66  67  68  69  70  71
[1553]  72  73  74  75  76  77  78  79  80  81  82  83  84  85  86  87
[1569]  88  89  90  91  92  93  94  95  96  97  98  99 100  50  51  52
[1585]  53  54  55  56  57  58  59  60  61  62  63  64  65  66  67  68
[1601]  69  70  71  72  73  74  75  76  77  78  79  80  81  82  83  84
[1617]  85  86  87  88  89  90  91  92  93  94  95  96  97  98  99 100
[1633]  50  51  52  53  54  55  56  57  58  59  60  61  62  63  64  65
[1649]  66  67  68  69  70  71  72  73  74  75  76  77  78  79  80  81
[1665]  82  83  84  85  86  87  88  89  90  91  92  93  94  95  96  97
[1681]  98  99 100  50  51  52  53  54  55  56  57  58  59  60  61  62
[1697]  63  64  65  66  67  68  69  70  71  72  73  74  75  76  77  78
[1713]  79  80  81  82  83  84  85  86  87  88  89  90  91  92  93  94
[1729]  95  96  97  98  99 100  50  51  52  53  54  55  56  57  58  59
[1745]  60  61  62  63  64  65  66  67  68  69  70  71  72  73  74  75
[1761]  76  77  78  79  80  81  82  83  84  85  86  87  88  89  90  91
[1777]  92  93  94  95  96  97  98  99 100  50  51  52  53  54  55  56
[1793]  57  58  59  60  61  62  63  64  65  66  67  68  69  70  71  72
[1809]  73  74  75  76  77  78  79  80  81  82  83  84  85  86  87  88
[1825]  89  90  91  92  93  94  95  96  97  98  99 100  50  51  52  53
[1841]  54  55  56  57  58  59  60  61  62  63  64  65  66  67  68  69
[1857]  70  71  72  73  74  75  76  77  78  79  80  81  82  83  84  85
[1873]  86  87  88  89  90  91  92  93  94  95  96  97  98  99 100  50
[1889]  51  52  53  54  55  56  57  58  59  60  61  62  63  64  65  66
[1905]  67  68  69  70  71  72  73  74  75  76  77  78  79  80  81  82
[1921]  83  84  85  86  87  88  89  90  91  92  93  94  95  96  97  98
[1937]  99 100  50  51  52  53  54  55  56  57  58  59  60  61  62  63
[1953]  64  65  66  67  68  69  70  71  72  73  74  75  76  77  78  79
[1969]  80  81  82  83  84  85  86  87  88  89  90  91  92  93  94  95
[1985]  96  97  98  99 100  50  51  52  53  54  55  56  57  58  59  60
[2001]  61  62  63  64  65  66  67  68  69  70  71  72  73  74  75  76
[2017]  77  78  79  80  81  82  83  84  85  86  87  88  89  90  91  92
[2033]  93  94  95  96  97  98  99 100  50  51  52  53  54  55  56  57
[2049]  58  59  60  61  62  63  64  65  66  67  68  69  70  71  72  73
[2065]  74  75  76  77  78  79  80  81  82  83  84  85  86  87  88  89
[2081]  90  91  92  93  94  95  96  97  98  99 100  50  51  52  53  54
[2097]  55  56  57  58  59  60  61  62  63  64  65  66  67  68  69  70
[2113]  71  72  73  74  75  76  77  78  79  80  81  82  83  84  85  86
[2129]  87  88  89  90  91  92  93  94  95  96  97  98  99 100  50  51
[2145]  52  53  54  55  56  57  58  59  60  61  62  63  64  65  66  67
[2161]  68  69  70  71  72  73  74  75  76  77  78  79  80  81  82  83
[2177]  84  85  86  87  88  89  90  91  92  93  94  95  96  97  98  99
[2193] 100  50  51  52  53  54  55  56  57  58  59  60  61  62  63  64
[2209]  65  66  67  68  69  70  71  72  73  74  75  76  77  78  79  80
[2225]  81  82  83  84  85  86  87  88  89  90  91  92  93  94  95  96
[2241]  97  98  99 100  50  51  52  53  54  55  56  57  58  59  60  61
[2257]  62  63  64  65  66  67  68  69  70  71  72  73  74  75  76  77
[2273]  78  79  80  81  82  83  84  85  86  87  88  89  90  91  92  93
[2289]  94  95  96  97  98  99 100  50  51  52  53  54  55  56  57  58
[2305]  59  60  61  62  63  64  65  66  67  68  69  70  71  72  73  74
[2321]  75  76  77  78  79  80  81  82  83  84  85  86  87  88  89  90
[2337]  91  92  93  94  95  96  97  98  99 100  50  51  52  53  54  55
[2353]  56  57  58  59  60  61  62  63  64  65  66  67  68  69  70  71
[2369]  72  73  74  75  76  77  78  79  80  81  82  83  84  85  86  87
[2385]  88  89  90  91  92  93  94  95  96  97  98  99 100  50  51  52
[2401]  53  54  55  56  57  58  59  60  61  62  63  64  65  66  67  68
[2417]  69  70  71  72  73  74  75  76  77  78  79  80  81  82  83  84
[2433]  85  86  87  88  89  90  91  92  93  94  95  96  97  98  99 100
[2449]  50  51  52  53  54  55  56  57  58  59  60  61  62  63  64  65
[2465]  66  67  68  69  70  71  72  73  74  75  76  77  78  79  80  81
[2481]  82  83  84  85  86  87  88  89  90  91  92  93  94  95  96  97
[2497]  98  99 100  50  51  52  53  54  55  56  57  58  59  60  61  62
[2513]  63  64  65  66  67  68  69  70  71  72  73  74  75  76  77  78
[2529]  79  80  81  82  83  84  85  86  87  88  89  90  91  92  93  94
[2545]  95  96  97  98  99 100  50  51  52  53  54  55  56  57  58  59
[2561]  60  61  62  63  64  65  66  67  68  69  70  71  72  73  74  75
[2577]  76  77  78  79  80  81  82  83  84  85  86  87  88  89  90  91
[2593]  92  93  94  95  96  97  98  99 100  50  51  52  53  54  55  56
[2609]  57  58  59  60  61  62  63  64  65  66  67  68  69  70  71  72
[2625]  73  74  75  76  77  78  79  80  81  82  83  84  85  86  87  88
[2641]  89  90  91  92  93  94  95  96  97  98  99 100  50  51  52  53
[2657]  54  55  56  57  58  59  60  61  62  63  64  65  66  67  68  69
[2673]  70  71  72  73  74  75  76  77  78  79  80  81  82  83  84  85
[2689]  86  87  88  89  90  91  92  93  94  95  96  97  98  99 100  50
[2705]  51  52  53  54  55  56  57  58  59  60  61  62  63  64  65  66
[2721]  67  68  69  70  71  72  73  74  75  76  77  78  79  80  81  82
[2737]  83  84  85  86  87  88  89  90  91  92  93  94  95  96  97  98
[2753]  99 100  50  51  52  53  54  55  56  57  58  59  60  61  62  63
[2769]  64  65  66  67  68  69  70  71  72  73  74  75  76  77  78  79
[2785]  80  81  82  83  84  85  86  87  88  89  90  91  92  93  94  95
[2801]  96  97  98  99 100  50  51  52  53  54  55  56  57  58  59  60
[2817]  61  62  63  64  65  66  67  68  69  70  71  72  73  74  75  76
[2833]  77  78  79  80  81  82  83  84  85  86  87  88  89  90  91  92
[2849]  93  94  95  96  97  98  99 100  50  51  52  53  54  55  56  57
[2865]  58  59  60  61  62  63  64  65  66  67  68  69  70  71  72  73
[2881]  74  75  76  77  78  79  80  81  82  83  84  85  86  87  88  89
[2897]  90  91  92  93  94  95  96  97  98  99 100  50  51  52  53  54
[2913]  55  56  57  58  59  60  61  62  63  64  65  66  67  68  69  70
[2929]  71  72  73  74  75  76  77  78  79  80  81  82  83  84  85  86
[2945]  87  88  89  90  91  92  93  94  95  96  97  98  99 100  50  51
[2961]  52  53  54  55  56  57  58  59  60  61  62  63  64  65  66  67
[2977]  68  69  70  71  72  73  74  75  76  77  78  79  80  81  82  83
[2993]  84  85  86  87  88  89  90  91  92  93  94  95  96  97  98  99
[3009] 100  50  51  52  53  54  55  56  57  58  59  60  61  62  63  64
[3025]  65  66  67  68  69  70  71  72  73  74  75  76  77  78  79  80
[3041]  81  82  83  84  85  86  87  88  89  90  91  92  93  94  95  96
[3057]  97  98  99 100  50  51  52  53  54  55  56  57  58  59  60  61
[3073]  62  63  64  65  66  67  68  69  70  71  72  73  74  75  76  77
[3089]  78  79  80  81  82  83  84  85  86  87  88  89  90  91  92  93
[3105]  94  95  96  97  98  99 100  50  51  52  53  54  55  56  57  58
[3121]  59  60  61  62  63  64  65  66  67  68  69  70  71  72  73  74
[3137]  75  76  77  78  79  80  81  82  83  84  85  86  87  88  89  90
[3153]  91  92  93  94  95  96  97  98  99 100  50  51  52  53  54  55
[3169]  56  57  58  59  60  61  62  63  64  65  66  67  68  69  70  71
[3185]  72  73  74  75  76  77  78  79  80  81  82  83  84  85  86  87
[3201]  88  89  90  91  92  93  94  95  96  97  98  99 100  50  51  52
[3217]  53  54  55  56  57  58  59  60  61  62  63  64  65  66  67  68
[3233]  69  70  71  72  73  74  75  76  77  78  79  80  81  82  83  84
[3249]  85  86  87  88  89  90  91  92  93  94  95  96  97  98  99 100
[3265]  50  51  52  53  54  55  56  57  58  59  60  61  62  63  64  65
[3281]  66  67  68  69  70  71  72  73  74  75  76  77  78  79  80  81
[3297]  82  83  84  85  86  87  88  89  90  91  92  93  94  95  96  97
[3313]  98  99 100  50  51  52  53  54  55  56  57  58  59  60  61  62
[3329]  63  64  65  66  67  68  69  70  71  72  73  74  75  76  77  78
[3345]  79  80  81  82  83  84  85  86  87  88  89  90  91  92  93  94
[3361]  95  96  97  98  99 100  50  51  52  53  54  55  56  57  58  59
[3377]  60  61  62  63  64  65  66  67  68  69  70  71  72  73  74  75
[3393]  76  77  78  79  80  81  82  83  84  85  86  87  88  89  90  91
[3409]  92  93  94  95  96  97  98  99 100  50  51  52  53  54  55  56
[3425]  57  58  59  60  61  62  63  64  65  66  67  68  69  70  71  72
[3441]  73  74  75  76  77  78  79  80  81  82  83  84  85  86  87  88
[3457]  89  90  91  92  93  94  95  96  97  98  99 100  50  51  52  53
[3473]  54  55  56  57  58  59  60  61  62  63  64  65  66  67  68  69
[3489]  70  71  72  73  74  75  76  77  78  79  80  81  82  83  84  85
[3505]  86  87  88  89  90  91  92  93  94  95  96  97  98  99 100  50
[3521]  51  52  53  54  55  56  57  58  59  60  61  62  63  64  65  66
[3537]  67  68  69  70  71  72  73  74  75  76  77  78  79  80  81  82
[3553]  83  84  85  86  87  88  89  90  91  92  93  94  95  96  97  98
[3569]  99 100  50  51  52  53  54  55  56  57  58  59  60  61  62  63
[3585]  64  65  66  67  68  69  70  71  72  73  74  75  76  77  78  79
[3601]  80  81  82  83  84  85  86  87  88  89  90  91  92  93  94  95
[3617]  96  97  98  99 100  50  51  52  53  54  55  56  57  58  59  60
[3633]  61  62  63  64  65  66  67  68  69  70  71  72  73  74  75  76
[3649]  77  78  79  80  81  82  83  84  85  86  87  88  89  90  91  92
[3665]  93  94  95  96  97  98  99 100  50  51  52  53  54  55  56  57
[3681]  58  59  60  61  62  63  64  65  66  67  68  69  70  71  72  73
[3697]  74  75  76  77  78  79  80  81  82  83  84  85  86  87  88  89
[3713]  90  91  92  93  94  95  96  97  98  99 100  50  51  52  53  54
[3729]  55  56  57  58  59  60  61  62  63  64  65  66  67  68  69  70
[3745]  71  72  73  74  75  76  77  78  79  80  81  82  83  84  85  86
[3761]  87  88  89  90  91  92  93  94  95  96  97  98  99 100  50  51
[3777]  52  53  54  55  56  57  58  59  60  61  62  63  64  65  66  67
[3793]  68  69  70  71  72  73  74  75  76  77  78  79  80  81  82  83
[3809]  84  85  86  87  88  89  90  91  92  93  94  95  96  97  98  99
[3825] 100  50  51  52  53  54  55  56  57  58  59  60  61  62  63  64
[3841]  65  66  67  68  69  70  71  72  73  74  75  76  77  78  79  80
[3857]  81  82  83  84  85  86  87  88  89  90  91  92  93  94  95  96
[3873]  97  98  99 100  50  51  52  53  54  55  56  57  58  59  60  61
[3889]  62  63  64  65  66  67  68  69  70  71  72  73  74  75  76  77
[3905]  78  79  80  81  82  83  84  85  86  87  88  89  90  91  92  93
[3921]  94  95  96  97  98  99 100  50  51  52  53  54  55  56  57  58
[3937]  59  60  61  62  63  64  65  66  67  68  69  70  71  72  73  74
[3953]  75  76  77  78  79  80  81  82  83  84  85  86  87  88  89  90
[3969]  91  92  93  94  95  96  97  98  99 100  50  51  52  53  54  55
[3985]  56  57  58  59  60  61  62  63  64  65  66  67  68  69  70  71
[4001]  72  73  74  75  76  77  78  79  80  81  82  83  84  85  86  87
[4017]  88  89  90  91  92  93  94  95  96  97  98  99 100  50  51  52
[4033]  53  54  55  56  57  58  59  60  61  62  63  64  65  66  67  68
[4049]  69  70  71  72  73  74  75  76  77  78  79  80  81  82  83  84
[4065]  85  86  87  88  89  90  91  92  93  94  95  96  97  98  99 100
[4081]  50  51  52  53  54  55  56  57  58  59  60  61  62  63  64  65
[4097]  66  67  68  69  70  71  72  73  74  75  76  77  78  79  80  81
[4113]  82  83  84  85  86  87  88  89  90  91  92  93  94  95  96  97
[4129]  98  99 100  50  51  52  53  54  55  56  57  58  59  60  61  62
[4145]  63  64  65  66  67  68  69  70  71  72  73  74  75  76  77  78
[4161]  79  80  81  82  83  84  85  86  87  88  89  90  91  92  93  94
[4177]  95  96  97  98  99 100  50  51  52  53  54  55  56  57  58  59
[4193]  60  61  62  63  64  65  66  67  68  69  70  71  72  73  74  75
[4209]  76  77  78  79  80  81  82  83  84  85  86  87  88  89  90  91
[4225]  92  93  94  95  96  97  98  99 100  50  51  52  53  54  55  56
[4241]  57  58  59  60  61  62  63  64  65  66  67  68  69  70  71  72
[4257]  73  74  75  76  77  78  79  80  81  82  83  84  85  86  87  88
[4273]  89  90  91  92  93  94  95  96  97  98  99 100  50  51  52  53
[4289]  54  55  56  57  58  59  60  61  62  63  64  65  66  67  68  69
[4305]  70  71  72  73  74  75  76  77  78  79  80  81  82  83  84  85
[4321]  86  87  88  89  90  91  92  93  94  95  96  97  98  99 100  50
[4337]  51  52  53  54  55  56  57  58  59  60  61  62  63  64  65  66
[4353]  67  68  69  70  71  72  73  74  75  76  77  78  79  80  81  82
[4369]  83  84  85  86  87  88  89  90  91  92  93  94  95  96  97  98
[4385]  99 100  50  51  52  53  54  55  56  57  58  59  60  61  62  63
[4401]  64  65  66  67  68  69  70  71  72  73  74  75  76  77  78  79
[4417]  80  81  82  83  84  85  86  87  88  89  90  91  92  93  94  95
[4433]  96  97  98  99 100  50  51  52  53  54  55  56  57  58  59  60
[4449]  61  62  63  64  65  66  67  68  69  70  71  72  73  74  75  76
[4465]  77  78  79  80  81  82  83  84  85  86  87  88  89  90  91  92
[4481]  93  94  95  96  97  98  99 100  50  51  52  53  54  55  56  57
[4497]  58  59  60  61  62  63  64  65  66  67  68  69  70  71  72  73
[4513]  74  75  76  77  78  79  80  81  82  83  84  85  86  87  88  89
[4529]  90  91  92  93  94  95  96  97  98  99 100  50  51  52  53  54
[4545]  55  56  57  58  59  60  61  62  63  64  65  66  67  68  69  70
[4561]  71  72  73  74  75  76  77  78  79  80  81  82  83  84  85  86
[4577]  87  88  89  90  91  92  93  94  95  96  97  98  99 100  50  51
[4593]  52  53  54  55  56  57  58  59  60  61  62  63  64  65  66  67
[4609]  68  69  70  71  72  73  74  75  76  77  78  79  80  81  82  83
[4625]  84  85  86  87  88  89  90  91  92  93  94  95  96  97  98  99
[4641] 100  50  51  52  53  54  55  56  57  58  59  60  61  62  63  64
[4657]  65  66  67  68  69  70  71  72  73  74  75  76  77  78  79  80
[4673]  81  82  83  84  85  86  87  88  89  90  91  92  93  94  95  96
[4689]  97  98  99 100  50  51  52  53  54  55  56  57  58  59  60  61
[4705]  62  63  64  65  66  67  68  69  70  71  72  73  74  75  76  77
[4721]  78  79  80  81  82  83  84  85  86  87  88  89  90  91  92  93
[4737]  94  95  96  97  98  99 100  50  51  52  53  54  55  56  57  58
[4753]  59  60  61  62  63  64  65  66  67  68  69  70  71  72  73  74
[4769]  75  76  77  78  79  80  81  82  83  84  85  86  87  88  89  90
[4785]  91  92  93  94  95  96  97  98  99 100  50  51  52  53  54  55
[4801]  56  57  58  59  60  61  62  63  64  65  66  67  68  69  70  71
[4817]  72  73  74  75  76  77  78  79  80  81  82  83  84  85  86  87
[4833]  88  89  90  91  92  93  94  95  96  97  98  99 100  50  51  52
[4849]  53  54  55  56  57  58  59  60  61  62  63  64  65  66  67  68
[4865]  69  70  71  72  73  74  75  76  77  78  79  80  81  82  83  84
[4881]  85  86  87  88  89  90  91  92  93  94  95  96  97  98  99 100
[4897]  50  51  52  53  54  55  56  57  58  59  60  61  62  63  64  65
[4913]  66  67  68  69  70  71  72  73  74  75  76  77  78  79  80  81
[4929]  82  83  84  85  86  87  88  89  90  91  92  93  94  95  96  97
[4945]  98  99 100  50  51  52  53  54  55  56  57  58  59  60  61  62
[4961]  63  64  65  66  67  68  69  70  71  72  73  74  75  76  77  78
[4977]  79  80  81  82  83  84  85  86  87  88  89  90  91  92  93  94
[4993]  95  96  97  98  99 100  50  51
