Parameters for simulation. Weather from davis data. 
 Run type = standard
traits = day temp precip
best.precip has value 10.000000 
best.temp has value 10.000000 
duration has value 10.000000 
N has value 10.000000 
numYears has value 10.000000 
runType has value 10.000000 
 sds= 
$day
[1] 3.65

$temp
[1] 0.45

$precip
[1] 1

$cutemp
[1] 90

$cuprecip
[1] 6

$daysq
[1] 1332.25

$tempsq
[1] 19.7136

$precipsq
[1] 100

$cutempsq
[1] 2500

$cuprecipsq
[1] 200


 mutrate=
$day
[1] 0.01

$temp
[1] 0.01

$precip
[1] 0.01

$cutemp
[1] 0

$cuprecip
[1] 0

$daysq
[1] 0

$tempsq
[1] 0

$precipsq
[1] 0

$cutempsq
[1] 0

$cuprecipsq
[1] 0


 start=
$day
[1]    1 1095

$temp
[1]   5 135

$precip
[1] 1e-02 3e+02

$cutemp
[1] 0

$cuprecip
[1] 0

$daysq
[1] 0

$tempsq
[1] 0

$precipsq
[1] 0

$cutempsq
[1] 0

$cuprecipsq
[1] 0


 years.index=
  [1] 87 16 64 23 66 17 20 60 23 87 14 64 19 89 36 64 19 25 17
 [20] 23 89 87 64 36 94 94 60 36 33 23 16 25 89 76 20 60 77 60
 [39] 14 60 61 99 89 87 20 16 60 66 89 78 66 36 25  5 33 25 25
 [58] 20 17 15 78 61 99 77 15 19 15 21 16 21 33 87 32 25 64 64
 [77] 17 15 23 61 14 63 25 32 25 21 66 17 36 36 17 99 20 15  5
 [96] 23 25 23 77 60  5 25 14 20  5 66 76 17 76 23 64 21 66 94
[115] 64 21 64 32 77 61 23 66 17 94 19 21 63 25 61 77 87 94 94
[134] 17 61 25 23 32 21 78 19 36 78 77 32 60 25 25 19  5 15 21
[153] 17  5 76 20 32 87  5 14 89 15 32  5 87 61 16 94  5 78 32
[172] 77 63 89 16 14 66 66 36 36 64 23 77 36 61 36 17 76 25 32
[191] 32 33 33 15 77 14 36 87 87 15 36 32 17 89 99 99 36 32 87
[210] 94 17 99 99 20 63 89 61 17 17 64 33 21 77 15 23 61 63 66
[229] 32 63 15 99 64 60 76 87 20 21 17 14 99 20 63 25 99 17 32
[248] 36 99 23 36 17 21 78 36 61 33 87 14 21 61 63 17 94 15 89
[267] 76 78 87 21 99 89 21 16 20  5 94 15 33 94 14 17 63 36 25
[286] 76 87 99 64 36 63 23 87 63 16 66 15 21 66 19 15 19 17 76
[305] 33 17 61 19 94 89 25 17 16 19  5 66 64 89 60 78 14 76 20
[324] 14 99 99 32 36 61 66 89 77 78 66 60 99 94 89 94 32 77 20
[343] 78 99 76 60 64 89 76 17 78 76 87 87 78 64 17 25 32 99 19
[362] 89  5 87 66 76 99  5 14 64 36 15 99 25 99 66 78 23 33 20
[381] 14 94 32  5 64 23 23 21 64 60 61 21 15 61 60 77 14 94 61
[400] 15 99 14 64 99  5 61 17 16 77 20 23 17 99 87  5 14 89 14
[419] 76 63 94 33 14 63 89 77  5 16 94 76 76 63 99 17 77 60 16
[438]  5 36 23 63 87 89 32 87  5 32 77 66 77 21 94 63 36 87 17
[457] 23 64 16 15 36 15 16 77 66 36 66 76 19 25 60 78 33 61 32
[476] 23 89 15 15 87 25 36 64 25 25 63 87 87 63 61 76 32 36  5
[495]  5 25 36 32 76 33
