Parameters for simulation. Weather from davis data. 
 Run type = standard
traits = day cutemp cuprecip
best.precip has value 10.000000 
best.temp has value 10.000000 
duration has value 10.000000 
N has value 10.000000 
numYears has value 10.000000 
runType has value 10.000000 
 sds= 
$day
[1] 3.65

$temp
[1] 0.45

$precip
[1] 1

$cutemp
[1] 90

$cuprecip
[1] 6

$daysq
[1] 1332.25

$tempsq
[1] 19.7136

$precipsq
[1] 100

$cutempsq
[1] 2500

$cuprecipsq
[1] 200


 mutrate=
$day
[1] 0.01

$temp
[1] 0

$precip
[1] 0

$cutemp
[1] 0.01

$cuprecip
[1] 0.01

$daysq
[1] 0

$tempsq
[1] 0

$precipsq
[1] 0

$cutempsq
[1] 0

$cuprecipsq
[1] 0


 start=
$day
[1]    1 1095

$temp
[1] 0

$precip
[1] 0

$cutemp
[1]     5 27000

$cuprecip
[1]    0.01 1800.00

$daysq
[1] 0

$tempsq
[1] 0

$precipsq
[1] 0

$cutempsq
[1] 0

$cuprecipsq
[1] 0


 years.index=
  [1]  20  90  71  62  91  91  20  36  27  16  80  93  81  71  25  77
 [17]  99  43  67  94  62  93 101  89  13   1 101  27  62  48  43  95
 [33]  19  66  13  87  78  31  71  69  10  80  13  69   8  78  33  95
 [49]  60  13  19  39 101  83  10  80  36  94  13  13  36  80  67  57
 [65]  33  81  20  71   8  66  20  31  16  19  85  57  36  67  90  32
 [81]  41  32  27   8  36  40  33  41  78  80  36  91  43  59  91  83
 [97]  85  19  90  57  32  63  89  31  77  93  20  11  31  52  63  93
[113]  60  95  89  78  16  10  10  81  63  25  25  57  83  25  94  87
[129]  69  87  97  81  39  89  45  81  59  57  67  69  67  90  31   8
[145]  77  91  41  36  20  32  97  31  33  80  60  77  80  20  95  90
[161]  83  25  63   1  20  13  27  93  94  27  52  18  45  48  57  69
[177]  19  52  81   8  94  36  69  85  67  40  65 101  19 101  41  39
[193]  60  11  59  89  60  77  36  52  58  20  69  33  31  87  52  45
[209]  32  32  27  93  41  25  31  52  89  60  85  62  45  48  10  58
[225]  65  62   8  25  77  81  16  45  63  10  94  45 101  85  65  89
[241]  87  85  94  40  63  89  57  97  16  27  18  10  45  90  66  36
[257]  48  65  87  40  87  83  65  89   2  19  25  93   2  60  27  71
[273]  99  89   2  25  39  69   8  99  40  40  31  62  13  36  52  60
[289]  83  85  16   8  27  59   1  80  18  85  93   1  89  66  80  52
[305]  33  32  81  45  25  19  13   2  10  27  59  85  78  63  99  97
[321]  19  90  39  67  16  27  62  33  58  31  66  80  25 101  18  63
[337]  41   1  27  90  65  63  83  80  48  57   2  31  83  60  13  95
[353]  90  13  45  41  10  40  67  67   8  87  94  69  66  45  16  65
[369]  45  18  20  40  45  78   1  65  10  31  71  97  20  85  52   1
[385]  25  62 101  85  67  77  36  66  95   8  89  89  31  45  27  58
[401]  69  78 101   2  69  89  20  13  99  59  95  62 101  80  80  13
[417]  71   1   1  91  69   8  36  89  16  25  69  10  25  62  95  91
[433]  89  45  85  20  60  63  90  89  66   8  63  77  91  48  20  95
[449]  62  25  57  19  39  59  94  32  48  65  58  10  85  99  36  27
[465]  69 101  41  33  87  77  31  41  39  97  19  95  40  81  87  10
[481]  36  32   8  11  52  20  58  85  83  11  19   2  78  89  77  62
[497]  97  59  67  63
