Parameters for simulation. Weather from davis data. 
 Run type = standard
traits = day temp precip
best.precip has value 10.000000 
best.temp has value 10.000000 
duration has value 10.000000 
N has value 10.000000 
numYears has value 10.000000 
runType has value 10.000000 
 sds= 
$day
[1] 3.65

$temp
[1] 0.45

$precip
[1] 1

$cutemp
[1] 90

$cuprecip
[1] 6

$daysq
[1] 1332.25

$tempsq
[1] 19.7136

$precipsq
[1] 100

$cutempsq
[1] 2500

$cuprecipsq
[1] 200


 mutrate=
$day
[1] 0.01

$temp
[1] 0.01

$precip
[1] 0.01

$cutemp
[1] 0

$cuprecip
[1] 0

$daysq
[1] 0

$tempsq
[1] 0

$precipsq
[1] 0

$cutempsq
[1] 0

$cuprecipsq
[1] 0


 start=
$day
[1]    1 1095

$temp
[1]   5 135

$precip
[1] 1e-02 3e+02

$cutemp
[1] 0

$cuprecip
[1] 0

$daysq
[1] 0

$tempsq
[1] 0

$precipsq
[1] 0

$cutempsq
[1] 0

$cuprecipsq
[1] 0


 years.index=
   [1]   3  42  13  81  97  86  77  84  21  16  23  40  18  73  75  69
  [17]  42  85  35  46  52  22  26  61  69  73  22  73  58  98  55  96
  [33]  17  84  75  50  82  56  35  39  30  57  13  50  98  61  50  81
  [49]  42  50  62  96  55  22  98  63  39  52  42  50  63  56  94  77
  [65]  17  84  81  42  70  57  70  26  57  77  73  25  75  82  62  66
  [81]  94   9  97 101  52  25  87 101  77  63  52 101  98  63  46  58
  [97]  42  61   7  39  97  96  61  23  94  54  26  75  52  70  23   7
 [113]  63  24  87  84  50  58  35   7  63  18   3   7  26  86 101  94
 [129]  73  84  85  75  21  35  54  56  73  50  24  16  17  75  24  18
 [145]  56  77  85  46  25  87  30  45  42  70  21  16  13  55  81  54
 [161]  98  70  87   3  22  77  35  86  82  63  69  50  35  36  26  30
 [177]  66  66  16  97  57  77  91  55  62  40  45  58  98  97  18  62
 [193]  52  62  96  66  70  39  97  21  62  66  23  87  52  58  77  24
 [209]  87  22  75  69  42  36  45  13  58  87  69  55  66  24  16  52
 [225]  82  98  55  30  81  26  17  97  18  13  36  21   9  46  97  16
 [241]  62  96   7  54  17  21  69  21  35  62  55  25  70   9  35  85
 [257]  63  35  17  61  62  36  24  63 100  40   7  94  86  73  17  62
 [273]  52  57  42  75  30  26  26  40  61 100  73  46  23  97  94  16
 [289]  55  52  57  39  39  61  91  52  42   9  94  30  40  13  77  98
 [305]  77  39  23   7  50  58  91 101 100  73  42  22  69  52   9   9
 [321]  50  42  35  46  57   7  22  45  69  23  35  97  25  56  86  61
 [337]  81  17  55  94  25  69  97  66  24  73  70 101  23  40  13 100
 [353]  50  50  94  35  54  39  86  73  39  26  23  85  25  18  55  23
 [369]  56   9   3 100  56  87  82  50  61  24  63  22  98  16  18  40
 [385]  36  18  96  97  54  40  42  69  77  35  97  63  69   7  17  58
 [401]  87  62 100  46  30  21  75  85  30  57  81  54  75  69  50  39
 [417] 101  56  45  82  40 100  82  86  62  56  57  39  18   3  35   7
 [433]  84  69  55  98  13  66  46  30  45  21  54  22  87  77  45  69
 [449]  73  94  81   7  91  25 101  26  52  13  36  36  22  23  82  91
 [465]  56  23  26  84  63  23  36  66  45  30  96  75  13  62  21  81
 [481] 101  56  97  69  17  36  17 101  40  50  46  86  24  36  69  45
 [497]   3  57   7  18  75  54  96  57  21  23  57  21  25  50  96  42
 [513]  97  57  24  45  96  69  40  16  77  23  91  87  85  86  50  36
 [529]   7  23  77  75  17  73  16  73   7  35  63  26 101  63  82  22
 [545]  62  57  54  61  57  86  87  56  55  35  35  91  24   9  56  55
 [561]   3  23  30   9   3  57 101  55   7  86  58  26  97  13  73   3
 [577]  62  87  87  96  58  97  22  24  82  96  77  69  52   9  35  40
 [593]  36  96  56   9  94  57  57  98  84  86  23  42  24  52   3  57
 [609]  58  73  26  73  30  45  26  16  58 101  36 101  25  52  97  22
 [625]   3  73  85  52  98  21  98  66  42  40  97  73  25  70  87  56
 [641]   7  50   7  82 100   9  55  23  55  96  81  45  45  61  58   9
 [657]  30  22  57  86  42  91  96 101  39  24  73  30  55  26 100   7
 [673]  55  40  82  24  84  94   9  73  22  62  85  91  55  18  16  13
 [689]  58  66  17  23 100  52  63  39  69  46  77  39  18  84  56  35
 [705]  62  50  25  98  26  85  26  24  35  91  77  45 101  40  45  63
 [721]  84  26  98  52  46  26  24  62  81  24  86  63  97  25  87 100
 [737]  75  45  58  70  45  94  63  66  22  25  91  91 100  56  52  69
 [753]  94  82 100  81  22  42  46  96  85  24  16   9   7  39  54  42
 [769]  91   9  66  21  66  77  94  98 101  66  82  54  56  21  86  23
 [785]  57 101  70  40  77  13  23  97  22  81  61   3  94  69  45  82
 [801]   9  39  77  81  54  82  50  82  75  85  69  94  52 101   9 100
 [817]  82  52  23  22  26  91   7 100  69  75  62  24   9  94  62 100
 [833]  81  25  97  36  86  17   7  36  87 101  13  63  91  42  23  17
 [849]  30  56   3  75  87  36  85  57  58  54  18  82  23  82  61  52
 [865]  22  57   9  77  84  97  22  66  81  97  81  62  21  42  58   7
 [881]  40  85  70  17 101  35  85  17  13  23 101  91  66  81  61  85
 [897]  73  18  81  30  81  21  39  56  75  69  61  70 100  36  73  96
 [913]  81  82  36  50  24  26  42  73  97  22  77  52  98  70  98  30
 [929]  62  75  55  63  73  25  70  73  45  36  25  26  70   3  23  69
 [945]  58  26 101  63  62  87  46  21  36  97  58  69  98  24  52  26
 [961]  18  97  94  66  54  86  82  85  55  55  36  57  45  24  69  75
 [977]  36  36  84  42  18  52  63  75  82  22  82  22  58 100  13  55
 [993]  96  30  35  45  50  23   3  69
