Parameters for simulation. Weather from davis data. 
 Run type = standard
traits = day temp precip cutemp cuprecip
best.precip has value 10.000000 
best.temp has value 10.000000 
duration has value 10.000000 
N has value 10.000000 
numYears has value 10.000000 
runType has value 10.000000 
 sds= 
$day
[1] 3.65

$temp
[1] 0.45

$precip
[1] 1

$cutemp
[1] 90

$cuprecip
[1] 6

$daysq
[1] 1332.25

$tempsq
[1] 19.7136

$precipsq
[1] 100

$cutempsq
[1] 2500

$cuprecipsq
[1] 200


 mutrate=
$day
[1] 0.01

$temp
[1] 0.01

$precip
[1] 0.01

$cutemp
[1] 0.01

$cuprecip
[1] 0.01

$daysq
[1] 0

$tempsq
[1] 0

$precipsq
[1] 0

$cutempsq
[1] 0

$cuprecipsq
[1] 0


 start=
$day
[1]    1 1825

$temp
[1]   5 225

$precip
[1] 1e-02 5e+02

$cutemp
[1]     5 45000

$cuprecip
[1] 1e-02 3e+03

$daysq
[1] 0

$tempsq
[1] 0

$precipsq
[1] 0

$cutempsq
[1] 0

$cuprecipsq
[1] 0


 years.index=
  [1]  39  37  92  59  95 100  70  96  86  17  35  85  32  47  44  68  29 100  74  26 101  98  84  82  64  79  16  94 101  28   8  52  77  71  52  71  64
 [38]  78  17  92   8  24  50  26  82  95  49  40  16   4  34  20  56  99  43  93  23  98   8  12  59  44  91  61  43  51  83  59  44  77  58  36  89   8
 [75]  18  86  79  92  23  87  19  74  86   1  90   3  35  48  92  10  53  99  48  61  53  66  37  34   1   3  24  95  18   7  31  48  57   8   1  34  34
[112]  60   9  62  42  94  53  47  41   6  92  92  21  27  78  93  63  41   2  31  38   8  91  50  66  41  37   1  35  31  19  30  66  61  97  35  86  68
[149]  82  58   6  23  41  55  32  23  87  33  12  73  89  80  57  86  18  73  42  13  47  79  14  22  45  28  81  25  68  30  46  43  79  93  93  21  42
[186]  68  71  26  88  86  20  67  93  10  13  91  34  17  76  41  33  86  40  88   2  47  83  35  43  64  54  17  20  92  26  87  55  60   2  83  77   1
[223]  44   3  42  96  78  36 100  50  25  84  24  73  22  88  64  12  47  72  41  12  79  83  91  69  22  50   3  47  22  62  57  95  13   5   7   6  17
[260]  89  59  76 100  75  28  63  20  76  21  16  33  53  37  33   7  10  15  91  51  73  17  25  77  68  51  34  42  50   6  40  54  60  22  83  44  21
[297]  68  17  93  53  55  20   9  84  16  81  44  13  28  24  30  84  34  66  20  94  89  29  95  19  88  52  23  14  20  15  36  31  94  28  55  89  31
[334]  21   5  28  43  27  37  90  56  97  58  38  87  38  63  95  91  52  27  53  84  88  14  98  12  90  68  96  61  21  84  88  50  78  86  46   1   1
[371]  39  78  60  81  91  55   5  62  82  80  82  16  98  42  33  15  84  13  94  68  78  20  22  51  65  48   3  23  50  72  44  84  24  47  82  40  55
[408]  30  64  21   8  38  62  33 100  12  31  77  64  70  85  87  51  59  82  33  28  68  93  86  20  88  41 101  69  54   2  97  47  37   3  10  42  79
[445]  86  38  84  27  26  83  25  92  47   7  79  18  55   1  34  11  46  54  91  16  41  51  13  27  79  60  87  84   5  83  57  55  76  64  75  89  25
[482]  88  28  10  45  30  75   4  70  64   1  23  56   5  52  28  99  47  38  90
