Parameters for simulation. Weather from davis data. 
 Run type = standard
traits = day temp precip
best.precip has value 10.000000 
best.temp has value 10.000000 
duration has value 10.000000 
N has value 10.000000 
numYears has value 10.000000 
runType has value 10.000000 
 sds= 
$day
[1] 3.65

$temp
[1] 0.45

$precip
[1] 1

$cutemp
[1] 90

$cuprecip
[1] 6

$daysq
[1] 1332.25

$tempsq
[1] 19.7136

$precipsq
[1] 100

$cutempsq
[1] 2500

$cuprecipsq
[1] 200


 mutrate=
$day
[1] 0.01

$temp
[1] 0.01

$precip
[1] 0.01

$cutemp
[1] 0

$cuprecip
[1] 0

$daysq
[1] 0

$tempsq
[1] 0

$precipsq
[1] 0

$cutempsq
[1] 0

$cuprecipsq
[1] 0


 start=
$day
[1]    1 1095

$temp
[1]   5 135

$precip
[1] 1e-02 3e+02

$cutemp
[1] 0

$cuprecip
[1] 0

$daysq
[1] 0

$tempsq
[1] 0

$precipsq
[1] 0

$cutempsq
[1] 0

$cuprecipsq
[1] 0


 years.index=
  [1] 32 60 17 77 19 14 32 15 14 64 66 76  5 25 87 17 33  5 23
 [20] 36 15 33 76 21 20 78  5 20 66 32 78 78 17 78 89 33 21 19
 [39] 77 64 21 87 64 99 76 20 99 77 61 32 89 33 19 17 64 36 89
 [58] 63 63 36 94 15 77 89 76 64 63 20 21 60 89 21 60 16 15  5
 [77] 19 17 64 63 33 20 32 25 87 19 63 21 20 21 33 21 60  5 33
 [96] 87 78 77 36 19 25 14 64 66 89 76 60 60 32 33 14 77 15 33
[115] 64 94 76 99 77 16 77 32 77 99  5 89 87 78 94 78 61 78 61
[134] 76 15 32 66 15 36 61 66 32 76 14 78 32 20 14 32 25 89 20
[153] 78 66 25 33 32  5 20 16 64 87 33 25 32 60 15 20 25 21 14
[172] 64 14 64 87 16 14 36 66 78 64 20 17 15 87 19 78 19 16 77
[191] 25 78 61  5 78 16 25 63 87 16 87 19 19 61 36 19 61 16 16
[210] 19 77 94 16 61 64  5 16 66 94 25 77 20 89 94 61 64 76 36
[229] 89  5 89 23 21 78 87 33 77 32 33 63 66 15 32 61 61 36 32
[248] 21 20 87 66 32 78  5 78 77 21 21 94 36 19 66 61 76 76 21
[267] 20 76 87 17 78 16 77 25 33 94 64 33 25 78 32 76 19 25 89
[286] 89 32  5 64 25 21 78 76 14 33  5 23 32 64 23 16 21  5 64
[305] 64 21 19 19 94 21  5 94 20 33 36 33 16 89 36 89 87 77 19
[324] 20 99 15 89 17 17  5 77 77  5 99 94 87 87 19 20 14 64 25
[343] 64 61  5 60 19 77 61 87 76 66 99 78 25 15 66 15 36 17 14
[362] 15 89 14 63 25 94 19 89 87 16 76 20 20 87 15 23 66 64 23
[381] 64 15 20 32 15 20 32 78 17 99 21 64 33 60 23 23 76 64 89
[400] 99 16 17 76 32 25 94 21 15 21 33 76 20 76 25 64 21 94 14
[419] 23 89 21 25 17 77 20 19 94 60 23 23 21 16 19 99 63 94 89
[438] 14 32 21 16 25 60 64 87 63 16 76 20 63 87 76 99 23 14 66
[457] 17 36 77 36 76  5 17 60 77 14 60 25 25 89 63 78 99 78 19
[476] 20 16 19 14 36  5 99 20 60 87 33 20 76 89  5  5 25 32 63
[495] 89 21 64 15 15 17
