Parameters for simulation. Weather from davis data. 
 Run type = standard
traits = day cutemp cuprecip
best.precip has value 10.000000 
best.temp has value 10.000000 
duration has value 10.000000 
N has value 10.000000 
numYears has value 10.000000 
runType has value 10.000000 
 sds= 
$day
[1] 3.65

$temp
[1] 0.45

$precip
[1] 1

$cutemp
[1] 90

$cuprecip
[1] 6

$daysq
[1] 1332.25

$tempsq
[1] 19.7136

$precipsq
[1] 100

$cutempsq
[1] 2500

$cuprecipsq
[1] 200


 mutrate=
$day
[1] 0.01

$temp
[1] 0

$precip
[1] 0

$cutemp
[1] 0.01

$cuprecip
[1] 0.01

$daysq
[1] 0

$tempsq
[1] 0

$precipsq
[1] 0

$cutempsq
[1] 0

$cuprecipsq
[1] 0


 start=
$day
[1]    1 1095

$temp
[1] 0

$precip
[1] 0

$cutemp
[1]     5 27000

$cuprecip
[1]    0.01 1800.00

$daysq
[1] 0

$tempsq
[1] 0

$precipsq
[1] 0

$cutempsq
[1] 0

$cuprecipsq
[1] 0


 years.index=
  [1]  48  48  36  92   4  36  95  43  25  23  61  77   2  86  24  36
 [17]  76  84  16  93  97 100  32  16   5 101  28  90  87  24  17  55
 [33]  26  31  71  94  18  80  11  90  92  88   6  79   2  50  76  89
 [49]  39  73  63   2  41  35  49  64   1  23  50 100  51  78  74  99
 [65]  23  97  36 100  18  74  44  34  29 100  58  85  37  22  23  16
 [81]  67  28  24  45  83  76   6  56  48  64  14  61   2  75  21  59
 [97]  74  38  73  78  98   5   1  68  48  29  13  63  26  34  83  79
[113]  44  20  12  32  11  49  85  71  60   9  83  90  46   9  74  42
[129]  34  44   9  13  78  61  55  23   4  44  58  13  97   1  52  85
[145]  26  40  35  25  35  60  46  91  92  12  82  24  37  59   2  55
[161]  30  46  69  97  56  56  75  94  54  97  57  90  40  84  88  83
[177]  46  22  86   7  96  46  82  68  62  90  94  18   4  32  27  13
[193]  84  21  49  75  96  28  22  81  69  70  40  33   4  60  97  21
[209]  32  60  22  29  27   3  90  92  71  44  54  47  71  27  38   6
[225]  90  73  52  26  45  66  32  84 101  44  80  48  68  28  78  19
[241] 101  95   4  44  16  70  32  91  81  77  18  87  71   8   8  22
[257]  70  68  22  74  79  19  59  44  52  95  67  79  27  90  68  18
[273]  82  44  23   1  92  65  68  94  87  47  51  72  50  25  10  98
[289]  67  15  79  53  71   7  28  36  61  12  69   1  25  33   8  16
[305]  21  20  86  86  86  56  38  46  67   9  82  88  75  88  15  84
[321]  14  90  53  65  72  28  53  34   3  22  79  81  40  44  39  91
[337]  93  17  17  38  38  29  36  92   5  14  20  65  75  98   6  80
[353]  86  26  59  72  57  76  60  34  73  70  19  10  35  93  68  90
[369]  27  53  59  96  37  29  40   8  20  16  35  57  10  38  39  58
[385]  51  36  36  34  14  96  53  64  27  15  87   5  26  20  93  22
[401]   7  59  95  76  19  54  63  45  76  20   4  15  15  55  68  18
[417]  26  71   8  55 101  45  15  55  23  80  55  20  24  63  32  69
[433]  84  28  47   2  17  59  33  97  15  54  39  35  90  59  89  19
[449]  18  52  35  26  80  62  86   6   4  64  88  52  59  17   2  42
[465]  73  64  21  77  54  38  60  55   4  74  31  47 101   9  28  84
[481]  44   5  60  13  48   7  80  93  96  45  12  38  68   2  55  95
[497]  89  50  65  30
