Parameters for simulation. Weather from davis data. 
 Run type = standard
traits = day temp precip cutemp cuprecip
best.precip has value 10.000000 
best.temp has value 10.000000 
duration has value 10.000000 
N has value 10.000000 
numYears has value 10.000000 
runType has value 10.000000 
 sds= 
$day
[1] 3.65

$temp
[1] 0.45

$precip
[1] 1

$cutemp
[1] 90

$cuprecip
[1] 6

$daysq
[1] 1332.25

$tempsq
[1] 19.7136

$precipsq
[1] 100

$cutempsq
[1] 2500

$cuprecipsq
[1] 200


 mutrate=
$day
[1] 0.01

$temp
[1] 0.01

$precip
[1] 0.01

$cutemp
[1] 0.01

$cuprecip
[1] 0.01

$daysq
[1] 0

$tempsq
[1] 0

$precipsq
[1] 0

$cutempsq
[1] 0

$cuprecipsq
[1] 0


 start=
$day
[1]    1 1825

$temp
[1]   5 225

$precip
[1] 1e-02 5e+02

$cutemp
[1]     5 45000

$cuprecip
[1] 1e-02 3e+03

$daysq
[1] 0

$tempsq
[1] 0

$precipsq
[1] 0

$cutempsq
[1] 0

$cuprecipsq
[1] 0


 years.index=
  [1]  7 74 44 43 74 67  8  2  7 31 57 35 44 11 47  8 67  8 67 38  6 38 98 82 65 43  9 44  7  7 47 74 98 98 45 57 98 12 38 84 31  8 31 35 82 35 43 56  7
 [50] 31 39 82 67 45 47 72 11  9 65 45 47  2  7 72 11  6 57 44  8 38 11 67  8 35  7 43  9 11  9 11  7 65 72 39 84 43 45 35  2 11 82 98 57 43 65 67  7 98
 [99] 35 72 43  9 31 45 82 43 74 57 43  7 84 98 38 43 98 74 57  6 45 35 74 84  8 31 84 47 72 12 11  6 38 31 47 74 57 45  7 38 11  7 72  8  9 84 12  8 31
[148] 84 44 35  9 38 44 82 65 72  6  6 45 57 44 56 10  7 47  7 31 47 47 45 12 57 12 74 98  6 84 67 38 84 11  8 11 82 31  9 98 67 74 57 84 11 98 84 31 74
[197] 84 44 11 11  2  7 82  6 56  2 39 44 11 44 45 47 38  9 38 43 45 56 44  7 47 65 44 43  7  8 43  7 82 11 84 65 35 74 47 31 84 11 84 67 12 43  8 84 82
[246] 74 67 74 39 38  8  9 84  9 11 84  8 38 56 74  8 31 44 98 38 74 38 44 84 74  8 45 11 43  2 10 82 45 38  7 38  8 98 31  2  7 82 35 39 39 56 31 84  8
[295] 11 35  2 44 44 74  6  2 10 44 35  8 10 72 35  2  2 65  9 35 67 74 43  8 38 98 84 82 12 57  9  7 65 56 45 10 10 98  6 72 65 39  8 38 65 43 39  7  8
[344] 65 65 43 35 31 10 31 45  2 47 43  6 57 72  6 98  2 84 56 67 35 82 39  6 74 56 82 35 38 82 67  8  6  6 31 82  8 47 72 39 72 45 39  9 44 82 10 84 10
[393] 84  6 56 56 44  7 45 56 82 57  9 67 67 74 47 35 56 10 74 45 72 31 47 43  8  7 31 11 84 43 43 31 43 72 84 45 47  2 47 84 57 65  7 65 10 98  7 31 11
[442] 45  2 38 12  9  8 12 72  9 84 35  7 84 98  8  6  9  7 82  9 12 84 57  8 31 12 56 82 45 65 39 98 84 57 82 72  9 44 67 82 67  7 74 82 82 98 84  6 45
[491] 10 74 72 38 12 65 84 56 84 10
