Parameters for simulation. Weather from davis data. 
 Run type = standard
traits = day cutemp cuprecip
best.precip has value 10.000000 
best.temp has value 10.000000 
duration has value 10.000000 
N has value 10.000000 
numYears has value 10.000000 
runType has value 10.000000 
 sds= 
$day
[1] 3.65

$temp
[1] 0.45

$precip
[1] 1

$cutemp
[1] 90

$cuprecip
[1] 6

$daysq
[1] 1332.25

$tempsq
[1] 19.7136

$precipsq
[1] 100

$cutempsq
[1] 2500

$cuprecipsq
[1] 200


 mutrate=
$day
[1] 0.01

$temp
[1] 0

$precip
[1] 0

$cutemp
[1] 0.01

$cuprecip
[1] 0.01

$daysq
[1] 0

$tempsq
[1] 0

$precipsq
[1] 0

$cutempsq
[1] 0

$cuprecipsq
[1] 0


 start=
$day
[1]    1 1095

$temp
[1] 0

$precip
[1] 0

$cutemp
[1]     5 27000

$cuprecip
[1]    0.01 1800.00

$daysq
[1] 0

$tempsq
[1] 0

$precipsq
[1] 0

$cutempsq
[1] 0

$cuprecipsq
[1] 0


 years.index=
  [1]  69   1  49  99   7  77  81  56  86  76  52  51  24  92  97  60
 [17]  80  66  35  81  25  46  19  96   6  47  22  73  72  38  80  72
 [33]  63  10  47  46  48  58  23  43  64  68  40  34  10  75  64  95
 [49]   5  41  46  31  15  61  79   2  34  53   1  73  61  24  73  92
 [65]  90  31  52  98  38  84  51   1  91  41  61  54  71  55   1   1
 [81]  94   2  75  44   9  50  34  53  63  21  85  51  38  15  60   8
 [97]  12  69  22  57  40  72  38  67  42   3   6  90  93  13  12   2
[113]  73  18   1  67  79  48   8  44  40   1  56   3  57  65  91  37
[129]  53   2  69  97  53  22  97  54  51  80  43  74  39  91  69  70
[145]  51  13  98  88  83 101  89  69  14   9  98  48   3  68  73  65
[161]  72  13  44  53  60  50  91  88  41  16   9  72  44  71  44  17
[177]  74  53  22  86  64  61  38  62   2  70  81   6  79  86  69  83
[193]  74  94  30  35  37  79  25  24  82  31  66  81  40  35  93   7
[209]  56  29  97  57  56  87  82  77   8  64  42  44  20  92   4  79
[225]  33  45  66  20  56  40  64  38   1  58  61  91  29  39  68  16
[241]  48  14  61 100  39  20   8  24  76  98  12   9  79  57  38  94
[257]   2  92  71  66  36   6  45  71  68  81  76   1  58  58  85  78
[273]  77  94   5   5  49  15  89  30  42  23  68  73  37  49  63 101
[289]  94  13  27  93  32  11  78  70  87  84  16  86  25  60   7  55
[305]  48  46  50  58  34  28 100  49  43   8   4  42  27  21  32  15
[321]  43  71  24  20  70  90  59  52 101  66  96  78  32  79  70  95
[337]  94  37   4  29  76  77   7  94  89  52  81  80  86  26  33  12
[353]  25   6  70  55  99  68  67   3  36  10  19  82  70  54  57  13
[369]  74  33  94  30 101  62  25  43  15  22 100  55  84  40  94  26
[385]  51  19  21  93  97  10  40  87   9  59  36  57  67  84  20  92
[401]  11  12  61   3  21  56  65  48  15  44  38  85  26   6  13  73
[417]  89  57  69  22  52  24  98  79  28   4  32  87  83   8   5  63
[433]  53  30  51  83  36  14  43  63  96  40  47  26  23  36  75  41
[449]  61  32  33  51 100  66  78  57  56  12  38  97  27  34  41  41
[465]  95  94  33  51  80  24  91  32  95  25  49  42  40  59  17  38
[481]  25  25  19  30  36  31  90  92  13  38   6  32  13  42  98  49
[497]  59  34  65  41
