Parameters for simulation. Weather from davis data. 
 Run type = standard
traits = day temp precip
best.precip has value 10.000000 
best.temp has value 10.000000 
duration has value 10.000000 
N has value 10.000000 
numYears has value 10.000000 
runType has value 10.000000 
 sds= 
$day
[1] 3.65

$temp
[1] 0.45

$precip
[1] 1

$cutemp
[1] 90

$cuprecip
[1] 6

$daysq
[1] 1332.25

$tempsq
[1] 19.7136

$precipsq
[1] 100

$cutempsq
[1] 2500

$cuprecipsq
[1] 200


 mutrate=
$day
[1] 0.01

$temp
[1] 0.01

$precip
[1] 0.01

$cutemp
[1] 0

$cuprecip
[1] 0

$daysq
[1] 0

$tempsq
[1] 0

$precipsq
[1] 0

$cutempsq
[1] 0

$cuprecipsq
[1] 0


 start=
$day
[1]    1 1095

$temp
[1]   5 135

$precip
[1] 1e-02 3e+02

$cutemp
[1] 0

$cuprecip
[1] 0

$daysq
[1] 0

$tempsq
[1] 0

$precipsq
[1] 0

$cutempsq
[1] 0

$cuprecipsq
[1] 0


 years.index=
   [1]  92   3  29  26  54  74  54  99  86  46  10  38  93  18  86  23  68  76  68  75  34
  [22]  55  55  35  98  25  96  47 100  31  11  97  62   6  83  86  86  93  46   2  17   3
  [43]   1  40  79  82  76  72  43  10  83  37  29  86  29  37  80  99  79  46  38  67  70
  [64]  49  57  49  20  41  89  47   9   2  65  51  15  50  33  73  20  67   7  38  80  67
  [85]  53   4  21  33  87  85   1  71  89  50  24  38  66   4  97  97  81  80  58   5   5
 [106]  23  92  97  56  50  81  31   9  78  14 100  98  88   5  73  96  75  77  60  18  44
 [127]  77  11  84  98  76  28  95  91  37   2  12  29  96  96  93  16  90  61  86  75  66
 [148]  53  59   8  20  40  55  43  95  17  50  36  30  24  29  61  36  35   7  25  34  67
 [169]   9  50  29  47  65   6  23  29  31  31  39  51  27   9  19  76   5  10  85  64  62
 [190]  54  23  46  41  59  72  10  75  94   5  56  73  70  75  40  70  47  82  62  40  71
 [211]  85  81  10  11  41  87   6  72  16  59  69  62   7  63  37  51  40  13  45  54  59
 [232]  79  61   7  73  77  88  35  90  91  80  77  53  17  86  89  66  33  55  52  77  24
 [253]   1   5  41  32  75  38  97  86  49  33   3  80  83  72   9  23  21  98  23 100  90
 [274]  64  56  67  51  56  15   8  78  47  24  48  49  17  82  94  39  40  10  21  53  79
 [295]  40  48  61  98  10  87  25  25   2  72  88  16  19  42  10  70  71  22  31  76  67
 [316]  49  27  16  67  29  20  40  21  17  90  97  23  38  24  71  44  37  73  11  13   3
 [337]  70  38  13  30  43  68  65 100  22  39  39  85  52  33  54  11  16  51  80  70  35
 [358]  44  77  49   9  69  51  84  30  71  82  62  59  55  98  33  13  66  17  30  79  47
 [379]  28  39  66   7  65  12  85  79  50  19  83  66  83  65  46  70  86  76  32  12  52
 [400]  11  78   2  48  55   9  77  35  22  24  76  21  92  36  31  54  89  25  19  90  57
 [421]  55  96  96  81  25  31  30  31  43  13  13  63  35  58  65  87  17  58  73  42  69
 [442]  20  93   7  49  29  17  12  51  42  61  27  98  80 100  22  19  79  47  46  55  87
 [463]  75  64  23  65  51  98  84  91  50  13  48  24  65  10  48  66  47  41  16  21  25
 [484]  56  11   9  49  29  39  58  51  16  29  71  11  14  70  29  50   3  20  86   4   2
 [505]  11  69  17  83  51  16  63  23  47   9  16  99  17  14  51  61  58  50   1  88  89
 [526]  26  17  66  39  81  41  50  55   4  42  90  83  58  97  63   2  86  73  75  51  79
 [547]  17  50  17 100  30  10  53  86  11  46  73  95  75   7  72   5  81  99  53  83  88
 [568]  55  45  30  28   6  90  92  82  77  91  93  42  85  22  41  61  29  41  72  75  41
 [589]  82  65   9  68  66  53  37  81  30  33  92  25  96  86  31  87   4   5  21  77  64
 [610]  91  30  92  46  64  12  27  90  95  65  61  62  65   2  47  84  98  21  16  83  48
 [631]  60  51  56  21  71  32  95  76  96  87   3  83  66  13  67  88  66  77  21  85  66
 [652]  57  91  27  32  99  29  35  42  51  11  49  74  71  99  96  85  26  36  44  36  50
 [673]  86  31  36   4  62  36  79  35  63  12  20 100  67  23  98  13  47  87  73  95  99
 [694]  94  76  25  59  15  87  25  15  50  35  39  82  48  13  21  55  51  35   3  44  40
 [715]  12  13  57  69   2   6   2  26  84  91  19  50  85  93  48  85  15   2  38  24  34
 [736]  95  61  50  85   6  79  91  13  53  42  97  43  19  40 100  80  67  62  95  10  89
 [757]   4  13  38  99   2  67  14  66  72  10  61   6  95  93  65  74  37  19  75   5  28
 [778]  55  88  77  32   4  29  84  79  99  30  56  56  21  15  72  45  40  18  74  10  63
 [799]  86  77  57  21  17  85   3  17  21   4  37  92  15  38  26  15  15  14  26  25  25
 [820]  68  73  96  68  78  15  15  68  50  92  96  78  92  43  49  55  61  77  51  85  91
 [841]   7  82  16  26  10   1  64  77  76   3  77  62   1   2  46  50  34   1  28  38  85
 [862]  96  70  18  78  14  78  67  61  70  41  40  10  70  74  24  39   5  46  66  80  71
 [883]  34   7  46  86  19  72  63  20  58  18  40  61  16  73  49  92  84  54  71  78  71
 [904]  62  61   8  57  53  38  71  35   3  31  56  32  35  53  44  84  17  79  67  92  28
 [925]  39  32  37   2  21  72  26  83  21  22  52   9  85  64  59  21  80  20  94  78  76
 [946]  50  59  22  74  85  89  72  45  66  61  70  51  34 100  79  40  93  54  98  21  95
 [967]  48  11  67   9  44  66  97  95  80  59  36  81  53  20  93  85   4  80  35  28  46
 [988]  59  40  44  58  84  90  89   1  10  92  70  38  64  16  59  45  69  15  18  65  98
[1009]  28  53  14  15  22   2  71  19  68  44  83  41  29  27  34  43  90  84  71  29  81
[1030]  92  34  83  20  15  45  87  59  49  57  38  47  37   1  12  61  34  54  55  68  50
[1051]  40  33   5  42  67  85  41  40  27  86  71  62  70  51  92  61  99  38  31  86  82
[1072]  32  41  66  14   7  83  39  80  38  12  57  86  58  72  33  41  94   1  99  40  87
[1093]  69   8  79  33  26  76  38  40  48   3  71  15  22  36  69  30  95  61  90  21  10
[1114]  34  81  12  91  78  87  86  60  46  61  81  21  26  87  27  35  56  13  45  39   8
[1135]  34  52  51  30  30  21  75  60  15  48  48  63  26  66  69  94  45  31  62  93  64
[1156]  23  99  12  16  15  84  68   5   4  29  50  28  34  26  68  98  89  65  24  94  33
[1177]  89  76  85  46  34  28   3   6  32  82   7  43  80  11  77  51  27  71  88  58  69
[1198]  33  39  53  95  51  22  53  23  98  25  84  47  58   7   2  35   8  92  22  26  74
[1219]   1  76  45  15  12  69   2  37  98  24  57  20  88  32  57  80  95  22  79   5  95
[1240]  27  31  64  98  35  15  13  39  76  38   6  16  57   3  24  30  49  15  83  19  84
[1261]  37  87  72  80  26  22  15  16  78  87  45  25  58  23  84  43  66   1   8  11  34
[1282]   9  89  39  61  40  89  76  82  14  78  30  74  95  33  70  84  97  49  15  71  44
[1303]  92  77  13  69  70  35  28  51  11  12  10  64  38  61  82  97   1  18  71  27  32
[1324]  61  35  54  43  14  50  25  55  99  38  56  89  90   8   5  11  84  32   2  15  14
[1345]  75   2  30  82   5  64  25  66  68  57  46  13  20  87   8  33  94  82  88  53  91
[1366]  98  73  33  41  66  71  68  33  56   8  52  26  10  23  18  65  34  72   9  83  40
[1387]  62  37  96  76  85  13  51  74  17  55  65  38   2  44  84   2   3  70  43  75  36
[1408]  71  52  96  86  22  92  35  73  64   4  26  33  86  36  66  27  36  33  88  64  71
[1429]  72  17  94  31  54  27  80  60  54  25  68  29  12  87  67  16  29  72  35  99  77
[1450]  32  93  60  28   1  58  46  93  23  43  27  38  83  90  25  97  63  48  51  56  53
[1471]  63  90  36   5  30   8  58  69  27  80  40   3  74  40  44  35  92  91  96  14  15
[1492]  34  66  95  42  73  98  26  57  69  32  69  39  55  20  17  10  51  55  99  10  19
[1513]  92  47   6  57  74  85  83  88  95  69  72  27  17  88  53   3  41  99  65  22  13
[1534]  81  19  75  69  42  81  30  97  93  69  24  86  52  46  25  70  54  32  22  83  39
[1555]  93  81  37  37  46  52  71  47  72  30  23  81  16  28  62  33  80  78  68  88  97
[1576]  55  40  79  12 100  56  28  13  15  80  10  41 100  35  82  40  59  72  28   3  18
[1597]  21  70  20  82  87  66  80   6   6  66  26  80  68  80  23  44  39 100  80  74  16
[1618]  20  73  93  82  17  72  67   8  99  32  55  47  32  72  74  57  50  97  52  35  17
[1639]  34  68  75  45   5  60  26  94  20  67  52  76  53  18   9  29  17  23  89  66  99
[1660]  77  97 100  16  75  14  39  27  63  17  68  71  34  73  65  78  80  79  10  72  91
[1681]  37  67  35  35  45  67   6  86  47  10  52   2   2  63  36  53   2  98  63  36  38
[1702]   6  92  73  66   8  19  82  48  62  36  73   8  16  19  44   1  43  16  79  60  62
[1723] 100  39  59  94  75  97  53  43  86  87  76  52  80  17  89  39  42  48  24  58  59
[1744]  70  35  87  58   8  83  71  69  90 100  73  52  83  21  33  93  29  15  72  60  40
[1765]  26  13  32  47   4  10  38  19  43  90   7  21  76   9  88   6  48  64  58  77  21
[1786]  52   7   3  68  72  12  70  12   2  55  69  24  84  82  33  78  34  96  86  82  98
[1807]  53   1  98   5  36  37  84   2  99   5  26   5  79  69  64  32   5  13  31  12  29
[1828]  76  72  56  16  26  65   7  29  20  11  64  77   3  94  55  52   6  44  49  77  42
[1849]  73  42   1  92  97  77  95  48  41  22 100  70  51  56   5  94  98  96  80  27  63
[1870]  19  96   5  20  30  37  62  63  56  43  39   8  92  16  65  64  58  40  28  23  70
[1891]  74  72  14  21  32  46  51  79  14  17  98  53  49  30  34  94  71  99  32  68   2
[1912]   3  73  12  68  35  77  29  33  81  38  64  47  65  13  86  82  49  46  83  50  88
[1933]  78  34  18  41  98  38  40   9  74  96  73  57  74   9  63  69  64   9  21  39  48
[1954]  58   6  44   8  15  45  58  25  15  42  29  81  26  55  65  84  69  68  22  89  47
[1975]  44  93  47  36  60  79  41  11  20  18  14  38  38  15 100  69  66  30  41  20  97
[1996]   3  87  62  87  28  87  47  13  68  73  15  65  20  50  65  58  67  59  82  56  92
[2017]  87  96  92  94  20   2  42  84  60  58  31  54  28  63  33  30  10  52  62  74  52
[2038]  96  46  93  24  30  30  42  97  55  59  41  11  75  74   2  88  75  73  92  48  61
[2059]  66  25  80   4  61  50  27  72  35  61  94  15  56  75  89  96  45  43  23  82   4
[2080]   6  16  24  36   4  71  11  34  28  97  68  26   9  90  98  47  25  65   3  59  25
[2101]  68  97  34  88  13  56  36  92  57  29  68  45  68  86   8  59  41  82   3   9  55
[2122]  57  50  42  15  55  74  76  83  15  77  35  89  76  77  22   2  75  95  46  29  37
[2143]  12  17  48  45  76  46  18  84  20   8  35  49  52  12  33  82  83  44  86 100  70
[2164]  38  64  97  42  52  35  26  72  44  84  82  81   7  11  55   5   8  27  77  27  94
[2185]  46  55  84  63  92  66  78   1  13  82  85  49  98   8  80  24  14   1  79  29  13
[2206]  25  33  15  10  36  33  64  22  33  35   6  95  34  25  35  65  71  90  25  71  30
[2227]  58  22  72   7  15  48  31  41   3  30  10  39  33  27  56  86  46  69   2  22   5
[2248]  62  45  31  51  55  25  78  12  65  67  14  43  49  59  22  18  31  60  38   3  36
[2269]  13  45  93  74   6  81  13  51  35  45  57  33  21  83  98  47  35  52  14  72  41
[2290]  88  85   3  75   2  27  39  72  99  92  57  74  44  52  86  71  87  56  28  27  87
[2311]  30  81  83  31  58  81  53  77  90  59  10  31  84  69  51  58  37  33  97   9  81
[2332]  54  45  39  94  96  55  37  62  54  30  10  47  24  97  32  38  14  42  85  89  60
[2353]  58  58   3  75  48  77  28  23  32   7  97  55  34  60  14  97  77  23  92  94  33
[2374]  49  85  46  55  47   7  12  80  90  49  27 100  49  21   6  86  38  12  82  82  83
[2395]  25  78  45  43   5  39  66  39  22  69  32  57  61  27   3  42  80  23  58  80  62
[2416]  39  23  28  78  45  37  28  65   8  56  93  46  88  69  73  75  97  76  42  34   8
[2437]  32  82  18  72  25  49  47  58  38  47  46  33  63  88  54  95  51  78  40  55  34
[2458]  66  46  52  92  19  21  47  52  43  30  39  23  56  86  26  33  99  96  76  48  27
[2479]  80   4  87  87   9  19  39  49  87  92  58  26  90  89  15  76  46  57  77   5  10
[2500]  48  67  77  41  76  16  21  60  77  72  33  37  63  20  44  36  82  53  79   4  89
[2521]  89  22  72  75   4  28  35  28  69  31  21  30  12  23  35  21  10  29  58  58  95
[2542]  32  72  87  46  44  95  85  43  22  69  69   4  85  85  57  25  71  19  31  45  78
[2563]  98  35  52  88  50  44  19  47  77  67  25  21  32  63  77  49  45   5  17  39  39
[2584]  82  26  63  21  32  34  26  39  15  92  37  65  97  57  64  94  83  22  99  65  50
[2605]  27  12  25  22  24  24  43  41  12  41  52  63  10  93  70  97  61  26  14  70  27
[2626]   3  64  98  61   3  49   2  14  80  68  29  33  61  96  18  81  43  46  46  17  99
[2647]  90  74  22  50  88  48  78  70 100  62  87   1  66  37  95  22  60  54  98  99  76
[2668]  64  75  66  86  94  60  47  59  11  66  80  12   2  79  79  76  96  86  73  85  24
[2689]   6  45  30  93  13 100  30  67 100  14  75  70  30  76   6  48  86  90  55   4  41
[2710]  72   3  64  71   3  51  88  48  20  15  66  64  10  99  11  80  57  16   1  85  82
[2731]  71  12  97  42  53  93  66  99  51   9  29   7  58  23  35  19  81  10  82  72  12
[2752]  28  57  78  29  45   5  69  99  91  48  14  33  53  62  99  64  97  28  73  23  75
[2773]   2  79  64  22  33  95  74  83   3   5  61  38  56  23  74  24  81  65  35  52  59
[2794]  57  41  54  50  60  85  84  99  87  26  55  52  42  68  63  99  67  23  71  75  94
[2815]  81  44  87  23  45  12  27  13  52  41  22   2  20  34  54  20  95  60   4  87  37
[2836]  70   8  90  12  81  38  90  84  75  83  52  15  60   6   7  31  52  74  46  85  75
[2857]  19  17  33  77  22  84  99  27  68  45  56  12  58   1  52  59  88  62  13   1  26
[2878]  13  50   1  82  87   4  83  44  49  83  95  91  63  59  62  49   1  17  45  46  77
[2899]  47  60  55  48 100  42   9   4  11  46  28  80  59   3  79  65  30  13  30  34  31
[2920]  77   7  93  88  51   1  82  19  20   9  45  83  81  44  36  48  34   8  32   2 100
[2941]  35  69  22  50  18  23  76  60  91  90  68  82  80   9  79  21  40  42  60  15  48
[2962]  69  61  42   8  58  36   4  86  89  65  80  63  90  33  47  38  95  72  91   2  70
[2983]  34  11  72  65   7  92  43  84  57 100  89  47  78  89  34  46  14  73  69  28  65
[3004]  76  34  25  84  38  12  80  62  52  69  83  57 100  53   6  29  20  79  82  20 100
[3025]  13  13  44  59  19  46  62  56  40  78   2  25  30  11  88  44  40  38   1  30  38
[3046]  88  27  63  32   6   6   4  70  86  99  39  83  67  60  82  20  61  57  83  33  34
[3067]  73  54  75  99  72  79   1  34  33  86  95  90   1  38  37  57  78  50  23  94  68
[3088]  69  11   7  48  53  64  68  49   4  86  99  45  87  13  71   5  79  50  37  98  18
[3109]  25  73  33  35  82  96  71  41  41  64  85  38  65  44  55  26  98  33  64  35  64
[3130]  58  54  50  37  78  54  19  26  93  25  24  33  24  99  28  88  55  20  40  76  82
[3151]   4  42  53  96  68  65  56  25  92   6  77  12  74   4   5  38   5  91   2  81  78
[3172]  57  51  87  90  94  30  75  10  95  73  22  34  40   6  81  46  57  91  47  16  86
[3193]  87  86  49   6  22  31  65  35  64  10  86   7  65  92   5  18  84   2  84   1  61
[3214] 100  60 100 100  16  98  64  76  84  54  77  24  83   5  73  46  51  85  50  55  21
[3235]  50  82   6  11  46  52  77  33  69  52  47  82  88  20  48  12  55  75  36  12  39
[3256]  12  24  46  11  37  19  64   1   7  54  98  22  70  40  34  87  58  17  39  42  57
[3277]  83  72  77  98  20  96  20  11  46  64  11  84  62  65  95  79  97  54  86  33  77
[3298]  51   6  78  86  40  17  12  25  81  75  91  31  92  95  90  77   5  43  26  40  57
[3319]   6  35  53  76  67  77  52  91  18  51  15  55   7  14  56  13  23  50  14  82  32
[3340]   2  11   6   7  51  13  35  20  14  53  48  95  23  59   4  62  50  33  90  35  12
[3361]  43   8  42 100  72  98  99  85   9  62  29  82  94  68  64  80  44  45  75  43  93
[3382]  35  59  11  91  73  11  24   7  83   4  89  84   8  84  65  71  63  96  56   6  55
[3403]  40  25   2  45  43  42  31  73  49   8  59  39  14  87  88  27  99   6  85  95  10
[3424]  44  94  64  10  17  84  57  70   1  39  21  60  85  38  42  56  12   1  10  52  38
[3445]  15  52  88  88  84   9  23  74  98  53   1  33  14  82  60  63  48  42  83  89   1
[3466]  62  87 100  87  37  12  39   7  97  92   1  14  28  36  29  96  59  46  25  28  38
[3487]  74  65  87   8  47  24  81  97  44  91  35  41  48  21  37  25  72  11  57  74  85
[3508]  92  27  99  88   3  59   6  77  56  74   9  12  34  42  35   1  86  49  50  95  33
[3529]  74 100  30  74  65  60  58  82  83  68  13  38  65  55  95  41  24  69  13  79  85
[3550]  32   4   6  61  27  27  50  35  37   9  34  64  80  71  92  74  22  34  74  27  82
[3571]  20  48  60   6  58  67  95  71  72   7 100  48  42  36   3  93  37  46  71  89  33
[3592]  54  36  82  62  82  95  94  33  45  56   1   3  23  96  54  94   3  33  64  62  26
[3613]  47  68  26  85  69  36  82  95  56  87  21  30  13  38  42  40   8  69  13  91  14
[3634]  95   3   7  52  52  23  70   7  36  74  44  71  53  74  40  54  77  71  75   1  74
[3655] 100  92  81  92  22  79  44  40  81  82  12  40  79  42  87  91  98  83  31  28  57
[3676]  35  55  65  15  33  90   9  79  70  50  37  31  74  14  39  67   1  72  87  31  72
[3697]   1  80  79  80  71  97  96  35  59  85  66  66  16  36  68  32   8  57  95  51   6
[3718]  85  52  95  81  41  15  87  11  46   5  81  65  90  17  90  15  11  62  94  24  71
[3739]   3  92  77  59  82  68  41  16 100  14  24   7  34  86  96  93   2  52  62  18  33
[3760]  17  93  94  30  71  95  46  64  90  52  78  83  67   7  38  36  57  68  50  28  11
[3781]  76  41  11  28  23   7  35   3  89  91   3  65  40  68  62   8  38 100  36  61  94
[3802]  45  52  13  78  20  50  38   7  54  74  91  56  50  84  44  77  87   8  41  63  70
[3823]  90  11  31  93  90  12  88  56  70  29  67  43  30  13  70  28  48  68  55  23  52
[3844]  15  60  81  13  76  32  56  48 100  16  39  50  86  61   8   7  47  83   3  64  91
[3865]  62  74  81  66  83  93  83  68  41  23  43  54   8  35  79  61  16  45  10  95  15
[3886]  16  75  98  90  22  40  43  37  85  91   7  30  91  33  52  37  99  77  56  57  18
[3907]  77  42  57  43  88  75  55  76  10  93  23  85  80  25  39  14  42  17  50  57  61
[3928]  64  91  92   9  78  33  23  20  32  49   2  35  68  62  26  12  68  43  22  33  70
[3949]  20  48  29  18  78  18  25  70  44  89  86  69  86  27  62  78  36  67  52  67  82
[3970]  45  25  35  77  16   5  99   9  37  77   6  16   7  81  86  12  56  59  96   7   3
[3991]  22  83  58  38  95  88   8  79  70  46  56  38  77  75  63  94  34  81  32  68  54
[4012]   2  71   1  76  34  70  79  95   3  68  63  50  51  57  17  24  52  92  73  70  84
[4033]  10  59  54   9  84   9  11  29  68   8  87   5  41  68  44  25  72  69  56  37  94
[4054]  47  93  58  58  93  20  28  44  11   7  86  90  56  44  72  96  14  59  64  52   9
[4075]  85  20  12  86  90   2  74  66  55  24   2  19  39  61  22  56  67  37   2  71  20
[4096]  71  25  45  97  58  93  15  96  42  57  47  71  99  42  82   9  86  25  33  71  51
[4117]  60  19  64  85  47  25  85  76  89  60  57  40  36  70  38  80  52  25  66  89 100
[4138]  55  92  30  59   8  38  91  25  46  36   9  64  47  30  33  16  15  48  36  17  17
[4159]  45  35   3  97  19  53  46  80  83  56   6  29  57   8  39  35  97   8  31  57  95
[4180]   8  40  71  65  53  17  20  16  76  53  40   1  30  22  61   5  93  89  85  17  21
[4201]  77  28  40  82  67 100 100  13  92  33  90 100  26  68  63   1  28  84  77  67  53
[4222]  43   6   7  49   8  93  58  11  34  88  64  76  33  17  55  55  53  40   6  80  48
[4243]  26  34  69  45  26  59  16  35  17  37  70  15  84  10  21  67  99  89  93  98  38
[4264]  65   6  92  65  50  21  84  50  62  33  43  78  64  89  95  80  76  29  28   8  34
[4285]  26  93   1  88  32   5  47  36   4  27  35  44  54  72  21  80  47  15  60  56  22
[4306]  60   6  65  98  49  77  59  58  81  62  25  35  72  76  45  63   7  17  30  67  97
[4327]  53  53  66  37  67  84   9  22  82  65  81  70  30  63   2  59  14  69  92  48  39
[4348]  93   2  47  68  61  40 100  69  25  44  13  22  88  23  95  44  54  55   9  14  95
[4369]  53  88  84  72  89  40  39  30   1  88  14  25  36  81  54  47  60  26  61  21   9
[4390]  92  91  45  60  85  31  72   8  85  54  63  95  26  99  82  43  37  75  78  69  26
[4411]  15  68  81  20  42  64  10  95  73  54  52  82  19  91  91  89  71  32  74  40  37
[4432]  41  49  29  89  94  62  81  77  61  86  83  93  24  80  89   1  54  77  85  85  26
[4453]  34  81  92  86   3  88  54  94  14  99  12   4  65  98  47  57  94 100  35  82  98
[4474]  58 100  97  86  50  20  30  84  32  45  14  63  55  52  19  65   8  14  14  81   6
[4495]  95  30  46  83  79 100  14  52  25  24  93  43  77  13   1  15  97  73  58  84  85
[4516]  76 100   2  21  14  64  49  54  98  30  88  58  52   2  66  32  30  56  72  10  67
[4537]  93   3  13  35  24  64   1  10  93  50  92  11   6  53  99  72  95  86  56  78  46
[4558]  37  45  44  79  48  11  25  93  82  55  72  59   7  37  67   6  14  27  49  27  20
[4579]  95   9  91  76  79  93  15  76  25   9  30  12   1  13  66  83  39  70  13  61  14
[4600]  15  42  93  44  82  24  76  66  66  25  61  99  38  75  73  82  76  88  79  27  90
[4621]   3  74   2  48   2  67  27  77  63  55  91  68  67   7  36  75  57  23  94  79  56
[4642]  77  53  47  81  59  61  33  60   5  93  94   5  27  61  82  95  68  82  85   7  49
[4663]   8  86  93  70   1  41  16  94  81  74  96  71  44  29  13  61  73  80  27  89  80
[4684]  14  97  17  58  47  67  27  30  78   4  58  31  75  82  52  22  53   1  55  21  79
[4705]  13  21  24  41  68  31  30  53  72  78   4   4  32  73  79  26  72  89  57  57  29
[4726]  15   9  87  11  59  44  19  69  71  14  32  31  58  13  95  56 100  99  95  61  20
[4747]   1  52  66   3  36 100  19  50  68  32   9  58  70  96  11  80  36  83   4  26  49
[4768]  70  24   4  39  92  98  22  27  78  90  53  97  54  84  89  39  21  35  39   4   7
[4789]  18  71  17  91   1  92  29  55  61   5   9  89  70  42  27  21  39  33  71  51  28
[4810]  51  65  99  89  97 100  52  29  30  98  35  98  73  83  39  52  82  53  97  16  82
[4831]  62  58  95  76  24  61  31  57  53  47  23  62  58  21  92  78  55  73   8  56   3
[4852]  96  65   8  39  18  32  84  17  80  37  32   4  42  82  45  90  15  51  52   3  73
[4873]  14  76  85  33  17  59  36  74  37   4  41  88  44   8  75   3  64  92  12  80  31
[4894]  92  96   2  67  75   5 100  50 100  92  90  16  56  92   9  76  64   4  31  44  83
[4915]  65  53  66   1  86  41  73  11  18  89  14  41  10  38  22  87  29  97  27  84  19
[4936]  62  93  86  86  57  15  99  20  41  25   3  21  15  84  36  10   3  34  90  54  67
[4957]  33  22  17  95  87  45  22  33  86  40  48  40  72  71  93  62  79  99   6  10  76
[4978]  66  70  65  94  22  62  87  56  77   1  13  85  64  15  66  33  76  65  62  74  25
[4999]  31  75
