Parameters for simulation. Weather from davis data. 
 Run type = standard
traits = day temp precip cutemp cuprecip
best.precip has value 10.000000 
best.temp has value 10.000000 
duration has value 10.000000 
N has value 10.000000 
numYears has value 10.000000 
runType has value 10.000000 
 sds= 
$day
[1] 3.65

$temp
[1] 0.45

$precip
[1] 1

$cutemp
[1] 90

$cuprecip
[1] 6

$daysq
[1] 1332.25

$tempsq
[1] 19.7136

$precipsq
[1] 100

$cutempsq
[1] 2500

$cuprecipsq
[1] 200


 mutrate=
$day
[1] 0.01

$temp
[1] 0.01

$precip
[1] 0.01

$cutemp
[1] 0.01

$cuprecip
[1] 0.01

$daysq
[1] 0

$tempsq
[1] 0

$precipsq
[1] 0

$cutempsq
[1] 0

$cuprecipsq
[1] 0


 start=
$day
[1]    1 1825

$temp
[1]   5 225

$precip
[1] 1e-02 5e+02

$cutemp
[1]     5 45000

$cuprecip
[1] 1e-02 3e+03

$daysq
[1] 0

$tempsq
[1] 0

$precipsq
[1] 0

$cutempsq
[1] 0

$cuprecipsq
[1] 0


 years.index=
  [1]  77  13 101  87  99  41  65  45   2  78  97  95  85  93  71  10  27  99   8  93  67 101  43  99  43  48  90  66  13  77
 [31]  90  11  63  90  33  90  62  59  25  19  43  87  41  78  99  91  48  48  83  83  95  93  63  83  57  25  57  69 101  66
 [61]  18  89  67  91  67  83  63  39  39  41   8  94  27  89  32 101  89  62  11  67  59  87  99  57  59  91  87  39  93  36
 [91]  57  32  89  43  40  19  95   2  48  19  40  59  89  10  32  27   1  78  78  19  13  93  91 101  36  27  45  71  31  39
[121]  63  25  43  39  57  25  32  39  67  89  13  16  80  58 101  20 101  89  62  25  78  60  36  90  16  33  36  57  52   2
[151]  71   8  58  45  59  33  95  89  19  10  13  33  90  63  52  18  18  27  13  10  10  48  41  11  59  32   2  43  89   1
[181]  16  77  87  90  83  83  89  77  57  87   1  27  63  58  97  20   1  67  80  13  66  48  16 101  91  27  11  81  93  95
[211]  71  77  95  67  66  91  83  87  97  43  67  25  62  81  80  39  95  52  31  11  43  18  18   1  58  65  71  87  69  59
[241]  40  45  10  10  81  91  25  45  94  10  94  33  60  60  32  66  48  66 101  69  89  67  31  18  89  85  67  58  94  81
[271]  99  25  31  91  87  69  62  80  69   2  71  19  60  32  94  62  94  77  87  85  32  57  48  11  85  59  87  63   2  94
[301]  45  81  80  81  81  95   8  65  13  66  36  18  16  18  63  59  59  25   1  95  71  62  81  13  52  40  33  11  77  59
[331]  31  36  27  11  69  58  77  93  65  97  59  85  27  40  78 101  40  32  16  65  16  93  31  67  80  40  43  57   8   8
[361]  97  32  13 101   8  36  77  85  80  87   2  48  19  66  83  20  77  83  13  33  59  52  91  10  63  18  40  62   2  94
[391]  11  89  81  65  57  58  80  18  36  69  66  18  33  13  89  99  80  87  48  80  80  27   2  48  13  18  33  41  81  95
[421]  33  97  62  62  33  94  31  87  48  94  94  63  57  59  63  89  48  87  94  85  95  10  18  19  89  59  93 101  19  43
[451]  48  80  95  13  65  13 101  60  77  93  90  25  16  18  43  97  57  20  93  13  62  87  13  41  99  62  40  60  33  32
[481]  25  93  66  27  66  43  10  67  66  77 101  97  31  66  20  97  48  63  20  40
