Parameters for simulation. Weather from davis data. 
 Run type = standard
traits = day
best.precip has value 10.000000 
best.temp has value 10.000000 
duration has value 10.000000 
N has value 10.000000 
numYears has value 10.000000 
runType has value 10.000000 
 sds= 
$day
[1] 3.65

$temp
[1] 0.45

$precip
[1] 1

$cutemp
[1] 90

$cuprecip
[1] 6

$daysq
[1] 1332.25

$tempsq
[1] 19.7136

$precipsq
[1] 100

$cutempsq
[1] 2500

$cuprecipsq
[1] 200


 mutrate=
$day
[1] 0.01

$temp
[1] 0

$precip
[1] 0

$cutemp
[1] 0

$cuprecip
[1] 0

$daysq
[1] 0

$tempsq
[1] 0

$precipsq
[1] 0

$cutempsq
[1] 0

$cuprecipsq
[1] 0


 start=
$day
[1]   1 365

$temp
[1] 0

$precip
[1] 0

$cutemp
[1] 0

$cuprecip
[1] 0

$daysq
[1] 0

$tempsq
[1] 0

$precipsq
[1] 0

$cutempsq
[1] 0

$cuprecipsq
[1] 0


 years.index=
   [1]  65  90  61  18  64  89  34  93  82  97  11  20  24  32  38  97  46   2  49  79  24
  [22]  98  97  49  90  49  81  99  89  56  32  29  76  90  26  54  50  42  53  16  28  21
  [43]  47   8  21  65  57   3  79  39  49  57  35  87  24  13  39  55  19  59  83  14  11
  [64]  93  11  30  36   8  28  12  42  29  12   8  64  60  74  86  57  93  19  82   6  94
  [85]  92  77  92  46  80  17  89  19  72  50  66  90  52   9  36  67  34  10  27  92  11
 [106]  39  99  98  98  82  19  51  52  61  31  53  66  56  10  56  17  87  59  33  80  44
 [127]  50  17  47  15  66  88   2   5  40  91  93  93  64  56  46   2  82  48  37  92   6
 [148]  79  94  29  93  90  16  33  50  55  68  43  62  32  41   3  33  95  82 100  91  55
 [169]  27  26  12  23  13  20  68  36  12  62  28  48  57   2  17  75  41  43  50   2  22
 [190]  94   3  79  59  80   4  48  47  18  13  51  72  47  35  49   7  57  28  91  16  73
 [211]  33  66  37  19  67  96  13   5  24  47  39  93  16  56  12  80  98  46  67  74  18
 [232]  79  84  40  94  45  84  25  75  81  77  43  24  86  38  87  72   7  33  54  34 100
 [253]  25  11  26  97   2  47  78  48  47  32  83  72   4  20  20  40  20  11  54  10  53
 [274]  60  74  24  68  75  50  64  68  61  75  81  17  49  22  90  63  99  34  52  44  91
 [295]  39  50  53  47  69  24  21  21  61  96  88  28   5  44  76  56   6  54  19  49  37
 [316]  63  47  75  62  74  30  85   1  89  32  47  31  87  84  73  35  51  24  94  11  49
 [337]  85   6  85  97   5  48  24  37  78  37  75  48  70  58  20  58  59  19  38  22  41
 [358]  66  86  95  14  47  22  44  14  31  36  92  93  34   7  80  59  53  13  99   7  70
 [379]  13  81   8  75  38   6  31  17  11  56  44  45  80  49  54  44  38  86 100  98  60
 [400]  49  61  20  95  80  85   5   6  16  30  79  92  48  47  11  36  30  22  10  12  19
 [421]  42  99  88  59  24  79   7  72  70  70  73  27  58  26  86  47  13  63  90  72  13
 [442]  89  59  40  86  65  14  68  19  53  89  85  15  60 100  99  77  21  94  80  40  80
 [463]  46  31  22  44  98  51  85  31  17  69  30  91  18  52  27  57  51  47  86  91  56
 [484]  77   2  44   3  19  49  15  76  90  56  66  15  64  79  36  22  27  29  27  81   6
 [505]  28  55  50  86  78  45  92  69  92  80  54  36  67  78  40  75  48  20  84  88  42
 [526]  25  29  55  11  63  24  29  35  95  68  26  97  78  48  61  95  80  82  10   9  41
 [547]  78  36  27  42  83  82  15  52  84  92  55  58  23  17  90  65  55  48  78  98  84
 [568]  58  85  27  38  89  38  44  50  46   5  81  78   9  19  93  42  25  62  98  75  91
 [589]   8  72  14  55  87  58  15  88  40   2  17  40  74  44  63  82  23  75  26  94  52
 [610]  71  63  93  94   2  98   3  21  88  96  23  78  63  29  15  27  87  23  58   3  10
 [631]  53   5  18  23  47  19  73  46 100  25  13  76  21  17   5   4  50   3  99  38  40
 [652]  54  93   5  94  93  63  60  47  10  69  95  76  73  47  95  38  46  79  11  40  68
 [673]  41  50  70  59  67  51  52  81  86  24  24  67  68  89  42  92  24  23   8  39  90
 [694]  73  13  88   2  89  78  26  75  76  41  53  37  19  96 100  79  19  56  34  24  62
 [715]  73  98  94  60  29  69  51  59  28  12   6  83  33  57   4  64  49  20   3  23  95
 [736]  42  91  26   9  78   1  60  87  28  84  34  37  59  26  53 100  57  88  46  95  27
 [757]  33  46  98  17  40  90  64  71  90  65  46  87  36  23  23  44  99  87  99  22  91
 [778]  41  79  35  71  38   1  77  28  90  87  53  31   8  66  56  20  61  96   2  79  19
 [799]  94   7  54  13  18  37  44  47  43  99  94  31  42  24  44  86  28  21  97   4  56
 [820]  91  37  17  57  29  87  33  59  30  18  91  85   7   1  85  14  69  35  68  83  12
 [841]  90   2  50  28  87  78  15  55  15  66  18  13  61   6  22  13  68  23  47  62  38
 [862]  40  98  38  64  63  30  90  16  45  34  52  73  91  79  57  78  96  14  86  21  78
 [883]  47  26  17  18  32  77  24  10  56  26  69  93  24  10  53  47  83  78  19  91  86
 [904]  92  72  17  53  91  18  83  74  82  43  28  41  89  50  95  32   7  56  91  45  34
 [925]  48  58  14  29  98  41  73  10  54   9  82  49  53  86  29  85  58  27  62  67  21
 [946] 100   1  64  78  30  41  15  53  16  90  68  16  24  65  63  19   3  15  34  25  21
 [967]  22 100  31  30  30  76   7  36  62  22  89  39   2  60  48  11   8  80  40  99  27
 [988]  40  28   6  32  27  44  17  93  77  92  87  90  27  78  34  22  43  96  63  47   9
[1009]  84  47  49  37  63   7  94   9  35  53  42  64  99  75  49  25  29  79  94  35  85
[1030]  56  64  74  97  93  33  29  20  97  36  15  82  63  83  32  26  48  32  99  14  48
[1051]  96  61  93  32  52  93  98  96  12  43  84  31  33  41  61  22  92  44  14  41  27
[1072]  67  87  69  89  96  25  50   9  34  57  84 100  54  67  69  88  39  13  38   4  64
[1093]  40  20  31  70  54  56  92  64  15  57  67  34  69  92  23  50  38  72  56  22  65
[1114]  32  33  22  89  60   2  90  29  77  81  45  93  21  91  30  18  13  11  28  47  93
[1135]  34  99  56  79  37  16  12  62  37  80  51  62  55   8   3  47  82  28  64  54  34
[1156]  42   2  13  44  83  23  79   6  27  56  96  17  59  73  32  80  36  57  36  70  57
[1177]  39  20  61  73  78   9  84  23  41  62  74  15  23  58  83  79  83  51  43  65  10
[1198]  94  67  97  42  25  19  42  22  48  55  18  94  26  68  12  86  64  19   3  58  58
[1219]  51  69  86  10  54  77   3  48   2   3  72  26   8  53  51  71  35  79  83  50  82
[1240]  16  19  18  59   7  64  94  36  82  89  39 100  66  32  69  74  65  27   5  82   4
[1261]  88  26  79  58   8   8  98  73   6  52  59  19   2  53  56 100  95  99  19   6  20
[1282]  86  58  12  73  28  62  82  18  23  62   3  70  15  60  77  93   5  18  51  46  26
[1303]  17   9  97  42  69  46  22  20  41  29  72  91  93  87  65  31 100  73   7  26   1
[1324]  60  24  71  96  97  92  16   9  18  18  54  85  51  62  46  43  27  69  36   3  52
[1345]  39  98  94  14  82 100  76  27  17   3  19  47  56  95  71  10  64   3  95  97   9
[1366]  14  36  82 100  69  59  26  50  91  23  15  89  61  27  87  76  36  12  42  12  86
[1387]  32  96  71  83  36  79  54  54  74  98  19  57 100  10  19  11  39  62  23  69  79
[1408]  46  82   3  69  65  50  53  29  48  23  23  69  55  21   7  78  31  17  46  19  86
[1429]  45  91  66  12  92  92   1  70   7  38  88  29  88  17  40  66  24  67  28  66  10
[1450]  52  21  11  19  64   9  57  86  32  39  98  61  27  59  39  32  17  44   4  54  53
[1471]  19  45  82  38  27  35  53 100  76   2  49  76  52  96  77  25  36  70  74  35  55
[1492]  89  47  26  94   4  37  28  18  19  68  39  47  67  35  50   5   9  50   1  29  37
[1513]  61 100  10  64  92  67  73  79  33  94  12   6  29  99   1  61  40  13  68  30  37
[1534]  47  29  26  84  38  66  18  95  72  85  91  97  47  14  37  19  80  22  39  24  66
[1555]  88   1  69  84  40  98  69  95  54  23  49 100  23  12  52   8  38  72  84  88  67
[1576]  63  29  87  67  58   2   2  92  45  88  83  25  96  47  92  73  98  68  16  18  33
[1597]  85  68  29   1  54  22  11  79 100  71  46  26   3  66  21  28  82  80  10  82  48
[1618]  38  72  95  10  80  24  23  63   9  35  23  13  72  84  92  87  81  29  87  82  70
[1639]  38  69  97  38  69  32  98  84   2  98   8  74  43  73  66  54  35  72  73  65  87
[1660]  22  76  94  81  60  39  69  17  61  38  59  69   1  43  93  84  76  54  42  74  79
[1681]  28  43  46  21   1  59  91 100  63  89  86  95  71  13  56  61  15  89   1  33  51
[1702]   3  37  92  68  24   5   7  16   2  95  40   2  78  51  20  27  11  25  72  67  73
[1723]  14  53 100  61  82  28  60  17  92  19  27  55  23  64  13   9   3  52  71  44  88
[1744]  54  12  63   8  21  31  27  53  42  89  70  35  86 100  68   3  80  88  28  47  32
[1765]  90  68  38  93  76  14  39  66  70  84  66   8   9  42   7  15  19  10  38  78  40
[1786]  80  19  63  45  31  84  91  50  34  76  99  50  32  56  86  97  54  84  10  68  33
[1807]  49   9  37  45  60  92  83   8   4  41   1   9  75  82  76  76  33  29  93  19   6
[1828]  84  65  84  76  66  26  14  50   3  47  59  70  16  26  31  77  30  90  40  48  11
[1849]  96  65  70   8  32  25  18  84  90  86  71   1  46  88  29  98  40  10   2  59   5
[1870]  34  54  93   5  17  17   7  83  95  13  76  33  76  14  63  97  56  79  41  75  90
[1891]  42   9  46  64  91  65  53  78  95   2  84  96  29   6  71  66  34  41  38  29  95
[1912]  96  36   8  49   5  32  45  83  60  62   9  67  34  65  41  82   9  52  97  17  66
[1933]  70   7  54  59  41  15  16  58 100  79  47  35  30  48  87  73  61  35  75  60  64
[1954]  99  23  41  89  69  60  94  56  38  78  99  54  56  15  83  81   2  65  34  42  55
[1975]  15  55  36   7  75  79   2  56  10  52  80  54  18  49  44  35  46  42  38   7  53
[1996]   8  87  26  85  76  15  47  50  91  83  51  50  50  62  84  21  21  26  65  92  65
[2017]  81  74  49  17  97   2  41  61  35  59  87  26  43  42  35  59  45  76  58  17  62
[2038]  43  98   5  52  13  67  77  94   2  46   2  34  35  58  67  87  44  68  78   1  21
[2059]  80  10  79  77   3  98  86  48  58  44  34  33  10  83  60  34   2  48  61  73  35
[2080]  41  37  24  48  23  93   7  63  47  62  28  91  96  17  93  36  43  40   4  37  64
[2101]  82  64  52  21  18  83  27  85  73  63  25  77  27  10  37  10   7  16  27  11  38
[2122]  52  16  63  10  83  41  51  81   2  20  45  33  41  59  15  86  34  55  69  29   6
[2143]  14  80  66  29  80  39  97  99  23  57  70  51  86  68 100  33  46  11   3  86  30
[2164]  87   6  37   8  98  53  60  43  26  44  38  37  55  91  77  94  44  36   1  31  45
[2185]  14  80  39  23  21  52  45  73  20  85   7  48  54  16  18  81  23  84  21  22  79
[2206]  13  76  54  13   8  46  69  33  29  76  90   3  72  69  18  48  89   6  84  77  74
[2227]  98  61  52  24 100  29  50  29  65  17  96  71  35  37  35  82  61  32  41  76  95
[2248]  58  13  78  67  75  23  79  84  37  55  83 100  63  92  95  67  89  30  75  10  57
[2269]  23  50  51  40   2  63  52  51  27  47  66  10  23  97  15  10  76  86  73   4  36
[2290]  99  33  92  99  23  22  70  44  14  63  66  87  56   2  58  97  67  12  47  48  65
[2311]  85  99  84  10  52  29  79  43  30  64   7  38   2  55  85  12  32  60  81  52  91
[2332]  13  34  62  43  22  38  35  21  33  11   4  82  72  22  59  93  79  52  60   9  78
[2353]  72  11  97  27  62  89  14  42  61  85   5  90  82  83  34  33  20  18  96  66  44
[2374]  66  41  67  54  76  79  64  74  32  14  54  49  52  84  21  53  41  20  70  47  68
[2395]   9  55  51  33  22  27  35  93  15  28  79  76  89  31  46  39   4  42  67  33  50
[2416]   1   7  82  91  17   2  75  66  35  84  42  58  28  11  47  35  33  38  75  89  84
[2437]   6  61  97  51  99  49   1  40  20  98  31  51   6  60  49  62  90  60  58  23  83
[2458]  26  68  23  29  55  41   1  83  41  90  10  82  88  93  18  21  50  92  75  30  54
[2479]  74  82  67  33  13  94  32  90   5  22  39  56  39   2  40  88  98 100  11  15  21
[2500]  31  51  86  35  14  39  63  75  22  24  79  26  47  70  54  85  57  47  17  26  99
[2521]  13   1  11  89  34  79  61   7  29  24  37  97  18  50  31  88  43  68  24  23  75
[2542]  69  10  94  62  27  77  56  47  70   9  55  26  64  51  12  83  45  49  64  69 100
[2563]  49  47  11  15  15   3   6  23  80  83  27  61  59  95  25  40   3  55  42  67  82
[2584]  29 100  51  53  82  12  80  23  45  85  20  13  59  10  41   5  22  46  76  60  11
[2605]  82  25  96  24  11  42  82  49  45  33  93  80  13  85  42   9  48  33  56  11  59
[2626]  37  16  22  95  97  19  74  40  20  16 100  41  35  41  23   4  96  32  25  67  11
[2647]  76  18  41  20  79  88   9  40  32  16  10   7  89  17  63  23  99  85  51  13  73
[2668]  84  92  15  92  52  61  80  19   2   7  47  62  20  10  15  18  23  60  42  70  91
[2689]  82  20  43  21  25  93   8  75  11  16  10   8  82  15  29  50   7  96  29  33  18
[2710]  31  18  97  51  32  76   6   8  89  82   6  66   6  79  90  39  99  73  47  89  35
[2731]  34  53  51  22  16  79  75  82  57  39  82  46  92  37  18   9  14  50  36  21  39
[2752]  39  83   8  71  16  50  11  52  32  67  52  99  95  59  60  40  10  43  42   7  70
[2773]  35  48  38  90  80  96  24  15  49  98   2  19 100  99  43  47  15  99 100  16  74
[2794]  18  51  12  51  59  57  77  62  39  37  60  22  29  37  69  70  16  34  50   7  93
[2815]  83  14  68  80  31  41  80  69  81  92  53  50  40   5  60  59 100  55  49  84  63
[2836]  64  49  76  31  66  43  69  38  99  13  72  59  89  59  35  42  54  71  52  61  91
[2857]  65  78  97  77   8   6  22  82  53  17  59  16  63  13  96  62  23   3  18  10  58
[2878]  71  70  72  80  14  20  22 100  77   5  78   2  23  68  44   8  33   2  55 100  22
[2899]  69  50  95  51  34  61  30  57  20  76  24  77   4  89  10  12  26  91   8  30  88
[2920]  15   2  25  95  61  58  39  39  16  66  29  93  13   1  33  23  73  15   7  50  89
[2941]  11   6  49  79  91  96  40  46  86  71  92  29  11  49  26  58  56  25  31  28  13
[2962]  42  11  19  63  55  90  65  46   6  12  48  82  66  45  97  85  62 100  82   3  23
[2983]  41   9 100  11  40  44  80  45  98  87  79  99  79  98  29   8  28  50  78  98  21
[3004]  47  12  32   6   1  68  75  24  51  23   6   1  54  42  37  71  78  74  90  68  93
[3025]  16  16   9  97   1  64  97  51  67  40  50  70  84  29  60   2  97   4  43  40  60
[3046]  97  96  16  80  38   9  46   3  67  40  41   4   8  90  22   4  63  22  57  74  23
[3067]  97  57  83  95  87   2  29  82  64  74  26   7  32  75  68  72  96  21  16  96  96
[3088]  97  26  47  14  97  60  87  89  34  43  11   9  63  74  48  78  24   9  70  96  75
[3109]  15  39  33  60  77 100  72  61  76  28  11  25  88  38  21  78  63  37  74  65  48
[3130]  49  13  53  52  24  15  75  60  35  53  90   9  68  79   1  56  78  84  86  40  55
[3151]  69  59  54  36  66  62  78  17  58   8  93  57  76  81  45  88  45  73  94  16  30
[3172]  82  86  80  39  32  47  20  73  49  21  30  18  51  43  40  70   1  78  15  87  13
[3193]  94  37  62   8  92   6  54  96   1  65  60  91  37  29  83   9  75  46  92  22  95
[3214]  74  52   9  70  13  42  86   5  83  46  29  22   3   5  45  84  13  78  63  50  12
[3235]  40  15  29   3  91  50  93  60  93  76  50  74  27   7  73  82  94 100  33  19  11
[3256]   2  92  85  12  94  55   3  36  78  40   5  43  51  34  71  38  40  36  40  11  51
[3277]  72  77  88  72  78  36  16  67   1  98   9  82  23  28  68  49  10  79  45  37  99
[3298]  10  76  75  48  46  79   8  94  98  53   5  76  12  44  16  61  75  54  90   2  92
[3319]   3  67  41  58  19  16  50   7  51  42  97  74  79  49  54  34  66  18  52  31  84
[3340]   9  97  59  86  19  73  48  89  24  75  86  46  99  72  39  16 100   2  55   4  34
[3361] 100  12  90  90  78  47  60   9  62  38  98  82  66  42  95  71  98   7  60  71  14
[3382]   5  33  54  31  62  96  54  75  41  96  95   6   7  86  50  15  56  94  98  95  80
[3403]   9  31   4  38  62  74  25  12  51  11  75  76  42  30  98  67  49  67  84  76  19
[3424]  35  88  47  71   9  18  16  76  79  29  82  36  52 100  55  68  74  86  70  50  94
[3445]  87  65  88  97  42   5  83  65  62  47  57  67  22  89  80  89  16   8   6  77   5
[3466]  26  41  71  91  21  65  18  52  52  16   3  78  69  57  69  77   7  66  29   9  52
[3487]  24  72  71   4  37  33  68  72  35  37  14  49   8  76  36  25  13  49  27  77  72
[3508]   6  84  78  72  97  10  10  23  24  34  60  94  35  12  61  23  68  25  13  64  71
[3529]  68  44  74   6  71  72  28  68  26   8  19  39  91  27   5  37  28  82  74  65  26
[3550]  40  33  59  12   8  46  74  66  64  24  70  65  69  65  81  47  30  18  68  32  75
[3571]  74  85  18  17  36  89  37  34  92  84  91  70  93  84  56  51  72  33   3  16  23
[3592]  19  53  10  91  28  54   7  20  35  11  54  66  59  74  39  52  51  33  45  40  74
[3613]  17  76  95  86  55  72  39   5  46  92  26  85   6  89  34  12  57  56  86  29  31
[3634]  67  87  26  47  89  24  58  33  52  57  21  75  76  21  25  48  65  64  85  32  93
[3655]  47  75  33  86  85  51  96  73  85  67  57  91  19  25  51  51  31  43  97  80  94
[3676]  30  41  42  66  52  21  79  14  61  55  17  14  69  78  82  91  25  62  94  30  35
[3697]  21  52  22  86  80  12  73  54  52  66  95   1  48  49  22  23  75  94  42  35  29
[3718]  74  55  44  23  93  93  61  75  80  79  98  55  56  90  42  19  24   6  92  99  75
[3739]  65  79  33  69  67  95  86   2  71  97  54  36  68  95  70  19  23  20   8  73  18
[3760]  47  50  55  28  63  21  38  84  77  45  44  39  29  68  42  87  17  49  96  83  96
[3781]  22  66  19  87  49  57  27  64  52  78  75   4  92  24  76  90  47  72  41  35  69
[3802]  75  77  45  53  20  54  27  10   2  93  10  51  43  24  79  43  16  94  15  90  52
[3823]  15  40  93  32  49  56  15  47  85  92  11  46  43  39  35  21  70  49  62  97  90
[3844]  26   1  68  79  64  11  25  84  53  22  80   9  10  77   1  13  37  31  34  35  52
[3865]  81  41  69  78  19  22   6  94  30  94  99  90  78  68  66  88  87  50  34  74  87
[3886]  46  90  98  28  74  85  91  67  58  49  54  78  87  91  95  74  14  10  35   3  85
[3907]  34  76  17  76 100  36   5  66  72  51  70  14  62   9  93  73  63  43  24  93  93
[3928]  60  64  63  48  76  66  98  39  49  83  24  71  28  26  99  88  58  21  45  30  99
[3949]  76  68  41   9 100  34  15  42  57  83  55  89  29  83  98  89  94  52  60  15  86
[3970]  35  68  36   7  67  23   4  72  47  43  70  31  31  35  67  12  33  72  74  93  40
[3991]  22  40  31  92   4  52  19  10  57  26  83  65  51  84  73  51  25  51  89  61  64
[4012]  36  54  31  63  60  14   5  41  82  47  40 100   7  22  74  89  42  75  96  68  91
[4033]  63  99  87  44  60  49  57 100   1  84  62  31  18  11  97  88  78  54  11  96  11
[4054]  73  43  78  38  62  54  59  79  34  91  35   3  25  89  79  35  29  85  64  76   3
[4075]  17  30  46  49  10   4  72  49  11  81  12  76  12  19  48  11  34 100  40  50  75
[4096]  41  17  59  13  23  35 100 100  85  61  49  52   1  31  61  29  26  76  22  88  24
[4117]  34  54  90  44  80  16  76  34  23  91  91  56  44  59  87  80  66  57  75  41  71
[4138]  96  57  88  66  13  26  86  51  48  85  92  23   3  51  80  61 100  39   8  90  92
[4159]  33  98  20  43  45  57  19  75  48   1  72  56  13   1  66  41  35  90  20  84  88
[4180]  51  74  75  53  66  48  73  70  72  83  51  19  50  55  48  36  89  16   4   6  93
[4201]  93   5  67  19  50  24   7  82  15  51  36  45  45  77  68  77  17  86  52  14   6
[4222]  97  78  89  70  16  76  34  42  79   3  70  40   1  30   5   2  59  51   7  27  50
[4243]   7  30  34  38  76   6  36  43  40  56  75   7  77  32  46  30  30  36  82  87   1
[4264]  40  25  64  68   9  99  91  19  60 100  19 100  14  13  13  55  46  37  19   7  64
[4285]  99  65  76  67  57  52   9  41  82   5  26  67  54  57  94  12  14  53  20  87  44
[4306]  61  25  57  56   4  52  93   6   7  88  36  22  16  11  54  78  20  51  79  46  53
[4327]  23  74  47  76  96   1  79  63   8  60  49  42  50  29  14  36  35  46  19  85  82
[4348]  69  65  63  99  37 100  14  30  79  36  99  25  53  25  47  94  21   8  18  40  40
[4369]  50   7  57  18  15  70  38  92  56  10  10  61  57  99  50  26   3  28  40   4  84
[4390]  71  66  37   5  23  31  80  50  70   7  46  30  77  39  15  98  53  44  11   1  16
[4411]  52  90  71  74  46  64  35  94  10  40  40  34  71  17  80  75  44  50   4  64  86
[4432]  71  23  86 100  72  22  55  26   6  39  25  85  98  53  79  30   6  45  76  96   1
[4453]  76  90  74  76  26  79  23  33   7  48  39  18  53  70  34  87  94  14  67  29  39
[4474]  96   7  68  55  19  78  13  16   6  27  96  48  89  76   8  64   8  82  34  29  92
[4495]  58  50  20  62  20  82  28  28  75   6  75  59  56  71  19  55  83  67  16  74  88
[4516]  89  60  93  78   5  57  58   1  37  14  93  24  83  88  41  16  71  23   3  94   7
[4537]  31  70  63  92  94  64  20  26  83  87  93  30  57   2  46 100  27  24  79  49   7
[4558]  30  20  44  22  61  81  61  83  67  26  42  19   2  13  16  20  48  88  82  68  27
[4579]  90  92   8  98  21  23  48  22  28  23  62   8  54  99  29 100  42  36  19  81  84
[4600]  24  23  83  22  55  57  50  65  26  53  81  37   9  39  89  52  73 100  37  73  44
[4621]  92  69  93  46  91  18  77  92  12  21  88  45  76  35  61  82  78  95  22  58  88
[4642]  72  55  62  81  44  63  76  11  65  62  53  41   3  80  79  12  82  38  89  80  81
[4663]  13  99   8  32  93  65  37  53  92   8  60  66  75  56  94   3  16  26  68  51  86
[4684]  74  83  83  90  83   8  52   7  97  77   6  96  43  40  85  90  40  94   5  39  39
[4705]  26  76  97  71   5  35  37   4  36   9  10   5  52  62  89  92   2   2  74  47  68
[4726]  49  33  62  11  70 100  95  80  59  75  87  63  55  97  43  18  91  18  38  46  86
[4747]  68  63  17  35   2  12  14  39  44  90  13  68  56  43  40   8  14  39  36  59  37
[4768]  59  98  23  22  25  32  55  76  98  52  59   1  64  56  79  34 100  40   5  64  48
[4789]  20   2  47  51  27  31   8  24  15  73  47  71  10  17   8  70  22  40  12  75  71
[4810]  32  40  52  63  46  59  65  70  81   9  56  79  85   1  37  53  42  10 100  36  39
[4831]  80 100  45  20  72  11  61  57   2  73  96  91  39  47  27  56  17  33  25  91  28
[4852]  34  89  65  50  87  18  99 100   9  16  42  31  46   2  23  30  55  79  93  67  19
[4873]  38  39  99  73  72   7  41  68  45  59  65  34  80  59  77  80  18  98  78   2  62
[4894]  45  10  35  11  92  88  30  70  40  24  74   4  51   8  49  80  14  76  61  79  17
[4915]  14  40  39   6  23  73  91  63  65   2  31  94   3  32   3   6  64  59  58  86  78
[4936]   8  81  10  77  94  60  72  72  88  95  84  94  88  99   7  19  41  43  16  53   9
[4957]  52  41  36  41  49  71  14  27   7  34  16  28  78  84  67  72  50  52  23  53   5
[4978]  40  73  10  60  46  28  12   5  43  21  71  31  44  42  48  10  46   4   8  27  72
[4999]   5  58
