Parameters for simulation. Weather from davis data. 
b.const has value 52.456789 
b.day has value 52.940688 
b.precip has value 32.804829 
b.temp has value 44.796708 
bestprecip has value 73.410527 
best.temp has value 1.576984 
duration has value 22.827600 
N has value 18.714748 
sd.precip has value 69.401904 
sd.temp has value 0.851567 
b.const has value 9.310985 
b.day has value 41.767836 
b.precip has value 79.594387 
b.temp has value 26.482296 
bestprecip has value 66.748012 
best.temp has value 17.879613 
duration has value 82.054114 
N has value 64.906335 
sd.precip has value 22.505726 
sd.temp has value 83.024997 
b.const has value 79.393373 
b.day has value 85.396974 
b.precip has value 61.785267 
b.temp has value 27.355299 
bestprecip has value 24.851845 
best.temp has value 91.974651 
duration has value 77.511173 
N has value 12.245048 
sd.precip has value 25.500800 
sd.temp has value 58.866804 
b.const has value 95.469016 
b.day has value 8.947466 
b.precip has value 58.831380 
b.temp has value 80.889160 
bestprecip has value 15.135704 
best.temp has value 66.995397 
duration has value 97.273850 
N has value 69.790837 
sd.precip has value 96.053483 
sd.temp has value 40.956143 
b.const has value 93.467266 
b.day has value 19.737684 
b.precip has value 42.570825 
b.temp has value 99.897630 
bestprecip has value 93.061505 
best.temp has value 85.978135 
duration has value 37.495984 
N has value 94.998565 
sd.precip has value 21.339386 
sd.temp has value 94.478197 
 sds= 
  const day temp precip
1   100   3    5      1

 mutrate=
  const day temp precip
1   0.1 0.1  0.1    0.1

 start=
  constmin constmax daymin daymax tempmin tempmax precipmin precipmax
1        0      100      0      3       0       5         0         1

 goodyears=
 [1] 1909 1912 1914 1924 1925 1926 1927 1928 1929 1932 1934 1935 1937 1938 1940 1941 1945 1947
[19] 1949 1951 1952 1954 1955 1956 1957 1958 1959 1960 1961 1962 1963 1964 1965 1966 1967 1968
[37] 1969 1970 1971 1972 1973 1974 1975 1976 1977 1978 1979 1980 1982 1985 1986 1987 1988 1994
[55] 2001 2008

 years.index=
   [1]  1  2  3  4  5  6  7  8  9 10  1  2  3  4  5  6  7  8  9 10  1  2  3  4  5  6  7  8  9
  [30] 10  1  2  3  4  5  6  7  8  9 10  1  2  3  4  5  6  7  8  9 10  1  2  3  4  5  6  7  8
  [59]  9 10  1  2  3  4  5  6  7  8  9 10  1  2  3  4  5  6  7  8  9 10  1  2  3  4  5  6  7
  [88]  8  9 10  1  2  3  4  5  6  7  8  9 10  1  2  3  4  5  6  7  8  9 10  1  2  3  4  5  6
 [117]  7  8  9 10  1  2  3  4  5  6  7  8  9 10  1  2  3  4  5  6  7  8  9 10  1  2  3  4  5
 [146]  6  7  8  9 10  1  2  3  4  5  6  7  8  9 10  1  2  3  4  5  6  7  8  9 10  1  2  3  4
 [175]  5  6  7  8  9 10  1  2  3  4  5  6  7  8  9 10  1  2  3  4  5  6  7  8  9 10  1  2  3
 [204]  4  5  6  7  8  9 10  1  2  3  4  5  6  7  8  9 10  1  2  3  4  5  6  7  8  9 10  1  2
 [233]  3  4  5  6  7  8  9 10  1  2  3  4  5  6  7  8  9 10  1  2  3  4  5  6  7  8  9 10  1
 [262]  2  3  4  5  6  7  8  9 10  1  2  3  4  5  6  7  8  9 10  1  2  3  4  5  6  7  8  9 10
 [291]  1  2  3  4  5  6  7  8  9 10  1  2  3  4  5  6  7  8  9 10  1  2  3  4  5  6  7  8  9
 [320] 10  1  2  3  4  5  6  7  8  9 10  1  2  3  4  5  6  7  8  9 10  1  2  3  4  5  6  7  8
 [349]  9 10  1  2  3  4  5  6  7  8  9 10  1  2  3  4  5  6  7  8  9 10  1  2  3  4  5  6  7
 [378]  8  9 10  1  2  3  4  5  6  7  8  9 10  1  2  3  4  5  6  7  8  9 10  1  2  3  4  5  6
 [407]  7  8  9 10  1  2  3  4  5  6  7  8  9 10  1  2  3  4  5  6  7  8  9 10  1  2  3  4  5
 [436]  6  7  8  9 10  1  2  3  4  5  6  7  8  9 10  1  2  3  4  5  6  7  8  9 10  1  2  3  4
 [465]  5  6  7  8  9 10  1  2  3  4  5  6  7  8  9 10  1  2  3  4  5  6  7  8  9 10  1  2  3
 [494]  4  5  6  7  8  9 10  1  2  3  4  5  6  7  8  9 10  1  2  3  4  5  6  7  8  9 10  1  2
 [523]  3  4  5  6  7  8  9 10  1  2  3  4  5  6  7  8  9 10  1  2  3  4  5  6  7  8  9 10  1
 [552]  2  3  4  5  6  7  8  9 10  1  2  3  4  5  6  7  8  9 10  1  2  3  4  5  6  7  8  9 10
 [581]  1  2  3  4  5  6  7  8  9 10  1  2  3  4  5  6  7  8  9 10  1  2  3  4  5  6  7  8  9
 [610] 10  1  2  3  4  5  6  7  8  9 10  1  2  3  4  5  6  7  8  9 10  1  2  3  4  5  6  7  8
 [639]  9 10  1  2  3  4  5  6  7  8  9 10  1  2  3  4  5  6  7  8  9 10  1  2  3  4  5  6  7
 [668]  8  9 10  1  2  3  4  5  6  7  8  9 10  1  2  3  4  5  6  7  8  9 10  1  2  3  4  5  6
 [697]  7  8  9 10  1  2  3  4  5  6  7  8  9 10  1  2  3  4  5  6  7  8  9 10  1  2  3  4  5
 [726]  6  7  8  9 10  1  2  3  4  5  6  7  8  9 10  1  2  3  4  5  6  7  8  9 10  1  2  3  4
 [755]  5  6  7  8  9 10  1  2  3  4  5  6  7  8  9 10  1  2  3  4  5  6  7  8  9 10  1  2  3
 [784]  4  5  6  7  8  9 10  1  2  3  4  5  6  7  8  9 10  1  2  3  4  5  6  7  8  9 10  1  2
 [813]  3  4  5  6  7  8  9 10  1  2  3  4  5  6  7  8  9 10  1  2  3  4  5  6  7  8  9 10  1
 [842]  2  3  4  5  6  7  8  9 10  1  2  3  4  5  6  7  8  9 10  1  2  3  4  5  6  7  8  9 10
 [871]  1  2  3  4  5  6  7  8  9 10  1  2  3  4  5  6  7  8  9 10  1  2  3  4  5  6  7  8  9
 [900] 10  1  2  3  4  5  6  7  8  9 10  1  2  3  4  5  6  7  8  9 10  1  2  3  4  5  6  7  8
 [929]  9 10  1  2  3  4  5  6  7  8  9 10  1  2  3  4  5  6  7  8  9 10  1  2  3  4  5  6  7
 [958]  8  9 10  1  2  3  4  5  6  7  8  9 10  1  2  3  4  5  6  7  8  9 10  1  2  3  4  5  6
 [987]  7  8  9 10  1  2  3  4  5  6  7  8  9 10  1  2  3  4  5  6  7  8  9 10  1  2  3  4  5
[1016]  6  7  8  9 10  1  2  3  4  5  6  7  8  9 10  1  2  3  4  5  6  7  8  9 10  1  2  3  4
[1045]  5  6  7  8  9 10  1  2  3  4  5  6  7  8  9 10  1  2  3  4  5  6  7  8  9 10  1  2  3
[1074]  4  5  6  7  8  9 10  1  2  3  4  5  6  7  8  9 10  1  2  3  4  5  6  7  8  9 10  1  2
[1103]  3  4  5  6  7  8  9 10  1  2  3  4  5  6  7  8  9 10  1  2  3  4  5  6  7  8  9 10  1
[1132]  2  3  4  5  6  7  8  9 10  1  2  3  4  5  6  7  8  9 10  1  2  3  4  5  6  7  8  9 10
[1161]  1  2  3  4  5  6  7  8  9 10  1  2  3  4  5  6  7  8  9 10  1  2  3  4  5  6  7  8  9
[1190] 10  1  2  3  4  5  6  7  8  9 10  1  2  3  4  5  6  7  8  9 10  1  2  3  4  5  6  7  8
[1219]  9 10  1  2  3  4  5  6  7  8  9 10  1  2  3  4  5  6  7  8  9 10  1  2  3  4  5  6  7
[1248]  8  9 10  1  2  3  4  5  6  7  8  9 10  1  2  3  4  5  6  7  8  9 10  1  2  3  4  5  6
[1277]  7  8  9 10  1  2  3  4  5  6  7  8  9 10  1  2  3  4  5  6  7  8  9 10  1  2  3  4  5
[1306]  6  7  8  9 10  1  2  3  4  5  6  7  8  9 10  1  2  3  4  5  6  7  8  9 10  1  2  3  4
[1335]  5  6  7  8  9 10  1  2  3  4  5  6  7  8  9 10  1  2  3  4  5  6  7  8  9 10  1  2  3
[1364]  4  5  6  7  8  9 10  1  2  3  4  5  6  7  8  9 10  1  2  3  4  5  6  7  8  9 10  1  2
[1393]  3  4  5  6  7  8  9 10  1  2  3  4  5  6  7  8  9 10  1  2  3  4  5  6  7  8  9 10  1
[1422]  2  3  4  5  6  7  8  9 10  1  2  3  4  5  6  7  8  9 10  1  2  3  4  5  6  7  8  9 10
[1451]  1  2  3  4  5  6  7  8  9 10  1  2  3  4  5  6  7  8  9 10  1  2  3  4  5  6  7  8  9
[1480] 10  1  2  3  4  5  6  7  8  9 10  1  2  3  4  5  6  7  8  9 10
