Parameters for simulation. Weather from davis data. 
 Run type = standard
traits = day temp precip
best.precip has value 10.000000 
best.temp has value 10.000000 
duration has value 10.000000 
N has value 10.000000 
numYears has value 10.000000 
runType has value 10.000000 
 sds= 
$day
[1] 1.825

$temp
[1] 0.225

$precip
[1] 0.5

$cutemp
[1] 45

$cuprecip
[1] 3

$daysq
[1] 666.125

$tempsq
[1] 9.8568

$precipsq
[1] 50

$cutempsq
[1] 1250

$cuprecipsq
[1] 100


 mutrate=
$day
[1] 1

$temp
[1] 1

$precip
[1] 1

$cutemp
[1] 0

$cuprecip
[1] 0

$daysq
[1] 0

$tempsq
[1] 0

$precipsq
[1] 0

$cutempsq
[1] 0

$cuprecipsq
[1] 0


 start=
$day
[1]    1 1095

$temp
[1]   5 135

$precip
[1] 1e-02 3e+02

$cutemp
[1] 0

$cuprecip
[1] 0

$daysq
[1] 0

$tempsq
[1] 0

$precipsq
[1] 0

$cutempsq
[1] 0

$cuprecipsq
[1] 0


 years.index=
   [1]  83  79   3  73  13  21  80   1  67  99  41  95  93  26  65  96  62  62  61   2
  [21]  18  48  34  70  46  27  84  38  31  10  34  42  91  18  63 100  12  12  96  37
  [41]  55   1  40   7  80  89  78  30   5  11  92  82  74   2  17  74  58  17  69  68
  [61]  86  81  39  56  67  49  92  14  23  32  93  24  74  22   2  42   6  15  60  11
  [81]  72  73  79  56 100  81  76  16 101   5  47  12  84  19  60  10  46  90  65  22
 [101]   2  34  92  39   3  36  50  75  83  62  11  37  68  80  89  45  81  12  81  89
 [121]  25   5  31  85  70  75  75  31  42   1  35  94  68  92   8  71  22  89  31  84
 [141]  69  40  52  61  36  49  22  37  11  95  45  75  61  46  72  89  55  95  57  13
 [161]  14  44  13  19  30  43  28  51  25  20  15  10   1  29   9  23  47  79  84  50
 [181]  53  52  96  65  85  49  70   3  52 100  72 100  26  14  16  97  93  63  45  86
 [201]  92  97  46  78  40  78  79  55  68  90  62  61  31  82  25  62  65  50  23  92
 [221]  92  23  13   5   8  70   8  49  54  96  53  50  61  10  22  15  23  55  28  46
 [241]  41  44  17  18  32  37  28  66  88  93  95  95  63  61  95  44  38  97  50  44
 [261]  95  79  23  45  24  97  93  87  18  78  77  59  92  94  38  56  32  29  78  95
 [281]  74  82  19  64  69  67  43  32  84   4   9  17  63  99  14  13  76  50  33  16
 [301]  90  67  86  87  47   9   1  63  75  34  55  55  36   4  53   8  11   2  44  31
 [321]   4  56  50  68  21  90  95  38  72  61  79  82  78  36  61  40  63  28  47  76
 [341]  39  92  65  37  87  57  58  79  73  16  42  39  65  33  34  24  25  62  50  70
 [361]  31  56   7  55  89  88  49  71  75 101   2  91  63  35  13  62  82  96 101  24
 [381]  63  30   3  81  25  79  89  65   3  72  15  41   6  47  67  52  76  58   1  78
 [401]  83  46  28  28  75  39  28  71  66  15  77  49  99  99   8  89  80  13   2  73
 [421]  10  94  15  41  38  19  67  68   6  51  44  95   2   5  28  23  17  79  49  42
 [441]   7  57   1  16  95  43  89  26  76  43  80  85  79  62  75  80  99  60  35  66
 [461]  21   4  99  20  46  20  41  34  54 100   8   5  24  21   9  18  45  79  12  78
 [481]   2  33   6  46  94  61  31  76  61  78  56  17  10  75  22  78  39  44  69   7
 [501]  89  76  15  52  92  88  79  25  70  92  70  33  77  18  57  68  75  76  18  79
 [521]  19  52  81  43  16  89  73  68  15  11  89  75  37  48  18  51  32  60  77  78
 [541]  97  78  93  43  51  92   8  80  53  71  36  57   8  74  97  67   5   5  67  68
 [561]  97  94  52  68  58  57  36  29  74  13  21  52  55  21  90  61   9  55  86 100
 [581] 100  42  73  15  80  71  11  84  97  40  96  72  67  90  77  59  65  85  21   2
 [601]  81  67  63  84  72  40  83  73  29  98  86   2  12  43  61  51  32  15  33   5
 [621]   5  59  13  77  23   2  72  34  50   8  54  55  17  94  28  85  62  61  94  36
 [641]  10  48   1  81  32  72  64  37  24   7  71  83  47 100  46  38  61  57  44  53
 [661]  35  79  83  31  49  64  25  87  88   4  23   6  26  30  14  29  76  27  96  44
 [681]  90  44  68  28  46  12  28  95  48  86  31  24  74  53  27  70  82  32   2  70
 [701]  89  19  46  49  22  48  60  42  31   8  64  84  81  78  25  62  58  39  41  42
 [721]  22  85   8  89  54  99  89  62  59  80 100  82  75  31  80  35  19  14  82  10
 [741]  65  64  71  57   8   9  63  77  19  45  87  84  55  19  42  14  70  97  59  24
 [761]  46  96  42 101  38  44  78  83  31  71  48  30  44  37  31  63  16  49  98   6
 [781]  96   5  35  80  35  38  89  22  91  50  69  95  51  65  44  13  56  89  31  32
 [801]  54  16  11  80  82   7   2  54  15  92  61   9  74   9 100   9  29  28  74  11
 [821]  88 100   4  15  51  58  68   8  31  82  52  17   2  36  15  11  70  42  36   8
 [841]  23   7  93  99   5  10  62   8  98  29  59  58  99  94   2  67  23  81  48  63
 [861]  57  57  18  28  85  95  93   4  11  85  67  63  79   6  80  93   1  94  75  59
 [881]   3  79   1  35  70  46  86   9  13  62  65  79  69  27   5  11   6  67  46  11
 [901]  16  77  60  62  42  83  79  24  67   2  51  35  81  28  59  62  34  31  94  42
 [921]  88  22  24  44  22  26  21  11  54   1  85  29  21  69  41  92  42  64  39   6
 [941]  69 101  61  76   3  77  34 100  50  45  63  57  95  65  86  24  31  37  70   7
 [961]  98  91  70  91  36  21  95  65  16  61  34  32  80  13  91  94  20  19  65  38
 [981]  24  36  12  15  15  63  64  92  90  65  24  97  80  59  10  26  56  93  78  48
