Parameters for simulation. Weather from davis data. 
 Run type = standard
traits = day temp precip
best.precip has value 10.000000 
best.temp has value 10.000000 
duration has value 10.000000 
N has value 10.000000 
numYears has value 10.000000 
runType has value 10.000000 
 sds= 
$day
[1] 3.65

$temp
[1] 0.45

$precip
[1] 1

$cutemp
[1] 90

$cuprecip
[1] 6

$daysq
[1] 1332.25

$tempsq
[1] 19.7136

$precipsq
[1] 100

$cutempsq
[1] 2500

$cuprecipsq
[1] 200


 mutrate=
$day
[1] 0.01

$temp
[1] 0.01

$precip
[1] 0.01

$cutemp
[1] 0

$cuprecip
[1] 0

$daysq
[1] 0

$tempsq
[1] 0

$precipsq
[1] 0

$cutempsq
[1] 0

$cuprecipsq
[1] 0


 start=
$day
[1]    1 1095

$temp
[1]   5 135

$precip
[1] 1e-02 3e+02

$cutemp
[1] 0

$cuprecip
[1] 0

$daysq
[1] 0

$tempsq
[1] 0

$precipsq
[1] 0

$cutempsq
[1] 0

$cuprecipsq
[1] 0


 years.index=
   [1]  77  40  75 100  23  54  55  52  36  94  75  70  16  46  52  55
  [17]  86   3  98  91  55  21  18  39  16  16  40  55  61  39  77  82
  [33]  50  54  24  21  66  56  13 100  91   9  39  25  40  94  66  24
  [49] 100  69   3  23  75  36  94  94  97  39  87  22  69  30  75  96
  [65]  66  73  39  30  24  17  24 100  75  63  39 100  73  39  81  81
  [81]  87  18  73  58  61  97  30  42  21  57  62  55  85  50  46  17
  [97]  24  13  36  30  50  22  55  22 100 100  25   9  75  75  36  35
 [113]  25  35  66  97 101  96  22  35  54  66  58  98  56 101  13  42
 [129]  45  77 101  57  50  58  62  52  13  77 100  22 101  46  17  23
 [145]  73  56  62  30  24  75  54  35  26  81   3  40  42  87  54  91
 [161]  70  84  22  39  58  75  24  25  98  57  40  58  30 101  50  84
 [177]   7  96   9   3  17  52  63  18  25  45  26  25 101  26  40  58
 [193]  52  40  70  25  22 100  96   7  94  24  62  13  30  77  58  39
 [209]  30  61  54  52  22  22  22 101  91  21 101  40  82  36  97  26
 [225]  77  17  13   9  82  70  54  85  13  21  52  50  17  18  85  40
 [241]  82  30  58  50  84  13  50  18  55  91  85  69  69  77  84 100
 [257]  66  56  39   9  86  69  85  39  61   3   3  35   3  82  54  61
 [273]  35  97  52  21   7  18 100  35  97  77  54  17  69  55  21  39
 [289]  55  82  61  46  81  40  17  69  55  77  87  35  17  84  35 100
 [305]  21  70  66  56  42  54  45  94  50  73  40  54 100  22   3  45
 [321]  24  36  46  75  73  54  63   7  42  50  26  39  94  85  52  22
 [337]  81  50  13  82  70  52  85  61  45  94  57  24  23  94  17  94
 [353]  97  24  55  17  94  57  73  13  23  40  56  87   3  16  62   3
 [369]  94  94  23  82  75  75  25  56  73  18  96  55  40  61  50  54
 [385]  58  82  26  82   9  54  23 100  73  85  21  97  52  61  42  30
 [401]  81  96  63   9  50  73  81  25  97  87  66  40 100  54  98  35
 [417]  77  50  25  39  61  30  73  87  86  81  62  35  86  61  45  96
 [433]  17  18  46  55  30  24  63  17  82  25  39  54  86  35  36  55
 [449]  84  35  35  94  42   3  22  85  18  13  16  75  87  35  56  63
 [465]  73  55  84  69  36  52  30  17  57  40  23  55  26  75  94  21
 [481]  17  13  91  35   7  63   9  70  70  52   7  50  50  98  39  96
 [497]  23  69  66  70   7  86  21 100 100  45 100  35  70  25  46  21
 [513]  46  94  69  13  42  97  61  61   9  46  81  73  87  87  39  98
 [529]  97  17   7  46  18  69 101  21  52  84  58  61  75  35  85  57
 [545]  61  62  94 101  58  24  77  82  81 100  22  21  22   3  36  56
 [561]  69 101  56  75  56  75  40  13  13  36  61  39  61  73  58  13
 [577]  84  86  22  73  96  26  84  24  39  96  56  52  98  57  66  87
 [593]  22   9  56   9   3  91  56  77  54  42  91  63  17  91  75  94
 [609]  40  57  96  69  63  55  81  25  91  22  94  30  50  52  25  81
 [625]  40 101 101  81  54  66  46  73  81  23  30  69  61  22  75   3
 [641]  94  66   7  57  97  45  55  87  82  23  73  69 101  98  13  46
 [657]  46  42  62  54  69  55  50  98  56  22  66  50 100 100   9  18
 [673]  96  91  23  22  13  56   9  82   7  91  62  39  18  94  22  45
 [689]  77  50  42  18  96  97  52  22  94  26  21  63  24 100  91  35
 [705]   9  52  69  91   9  77  61  61   3  91  73  86  84  87  66  84
 [721]   3  73  25  86  46  86  25  87  98  87  70  77  75  42  21  46
 [737]  66  91  87  82 100  45  91  50  35  26  73  91  61 100  98  63
 [753]  17  42  70  98  17  45  87  58 101  39  25  66  17  84  84  81
 [769]  16  82  30  77  86  81  97  91  17  63  24  21  69  61  55  86
 [785]  18  87  85  66  45  13  13  75  24  13  50  82  13  87  62  73
 [801]  91   7   3  52  69  81  30  13  58  17  81  16  35  62  36  81
 [817]  16  56  62  96  62  56  35  57  13  17  36  17  62  73  63  98
 [833]  26  77   9   9  98  84   9  73  66  35   7   9  42 100  77  40
 [849]  84  97  22   3  35  86  70  45  26  70  75  98  82  81   7  77
 [865]  13  84  21  87  55   3  63  25  81  24  22  63  69  85  73  21
 [881]  69  30   7  46  24  62  17  75  23  25  75  58  39  98  94   3
 [897]  84  40  97  17  66  18 100  86  46  81  70  30  26  55  42  56
 [913]  66  46  98  69  26  13  75  50   3   9  87 101  63  42 100  21
 [929]  63  82  58  16  63  13  73   7  94  56  50  46  21  13   3  46
 [945]  61  86  50  86  22  82  91  22  13  61  36  86  18  36  16  86
 [961]  62  58   3  26  97  25  30  70  62  17  70  82   3   7  82  45
 [977]  86  17  91  42  82  85  69  36  23  50  18   3  50  75  42  98
 [993]  85  50  18  77  81  40  96   9
