Parameters for simulation. Weather from davis data. 
 Run type = standard
traits = day temp precip cutemp cuprecip
best.precip has value 10.000000 
best.temp has value 10.000000 
duration has value 10.000000 
N has value 10.000000 
numYears has value 10.000000 
runType has value 10.000000 
 sds= 
$day
[1] 3.65

$temp
[1] 0.45

$precip
[1] 1

$cutemp
[1] 90

$cuprecip
[1] 6

$daysq
[1] 1332.25

$tempsq
[1] 19.7136

$precipsq
[1] 100

$cutempsq
[1] 2500

$cuprecipsq
[1] 200


 mutrate=
$day
[1] 0.01

$temp
[1] 0.01

$precip
[1] 0.01

$cutemp
[1] 0.01

$cuprecip
[1] 0.01

$daysq
[1] 0

$tempsq
[1] 0

$precipsq
[1] 0

$cutempsq
[1] 0

$cuprecipsq
[1] 0


 start=
$day
[1]    1 1825

$temp
[1]   5 225

$precip
[1] 1e-02 5e+02

$cutemp
[1]     5 45000

$cuprecip
[1] 1e-02 3e+03

$daysq
[1] 0

$tempsq
[1] 0

$precipsq
[1] 0

$cutempsq
[1] 0

$cuprecipsq
[1] 0


 years.index=
  [1] 67 35  2 45 45 74 72  7 31 74 39 72 74 35  8 39 43 45 82  6 10 57 82 38 43 84 44 12 38 57 38 74 57 43 39 57 56 67  6 65 98 43 72 65 38 56 47 82 56
 [50] 10 38  9 56  2 65 82  7 67 35 39  6 44 74 84 12 74 44 98 45 57 47 11  6 47 82 98 38 12 67 12 10 84  7 44 43 31 57  6 44  8 38 44  8 84 67  9 11 44
 [99]  8 10 67 72 45 43 47  9 12 74  7 84 72 74 45 67 72 56 67  6 38 45  8 31 43  7 84 12 72  7 72  2 56 72 38 98 11 44 67 35  8 57 39  2 67 10 47 98 10
[148]  9 74 67 31 72 74 31 82 65 82 10 67 67 67 10 44 72  2 44  7 44 98 38 65 72 98 47 47 72 35 35 43 38 47 56 11 45 82  8 12 65 72  9 44  7 65 45 12  6
[197] 12 82 84 10 98 10 43 31 11 11 57 43  6 44 82  7 56 56  7 82 67 45 98 38 65 82 45 10 31 44 74 31  2 10 11 65  8 31 72 47 67 67 10  9 74 39 57 38 56
[246] 12 44  7 82 47 98  8 10 12 72 11 67 45  8 56 44 31 12  2 39 35 39 39 72 45 84 31 67  7  6 84 31 10  2  6 44 38 12 11 57 65 38 31 44 74  7 74 72  8
[295] 72 84 45 38 82 44  9 72 45  9 67 43  7 35 57 45 47 82 74 57 56 35  6 45  6 45  6 82 65 47 67 39  9  9 57  8 39 35 44 74 47 39 56 11 84 44 82 11 47
[344]  7 11 43 38 31 12 38 65 31 57 11 74 65 39 38 45 38 82  8 74 12 43 11 11 10 45 11 82 38 82 11 39  9 74 74 72  6 31 31 31 43  8 57 82 47  9 98  2 98
[393] 43 10 43 38 56 47  2  7 84 11 39 39 39 67  2 45 74 31  6 44 11 10 98 38 67 56 43 11  7 47 47 12 12 65 82 72 74 47  2 47 84 44 74  9  2 84  9 11  7
[442]  6  7 72 72 56 44 47  8 82 47 72 35 56 47 72 84 98 43 82 45 74 56 65 67 38 98  2 45 11 39  2 11 44  7 12  8 45  6 43 82  8 74 44  8 43 47  8  6  2
[491] 12  9 57 10 56 11 31 82 84 67
