Parameters for simulation. Weather from davis data. 
 Run type = standard
traits = day temp precip cutemp cuprecip
best.precip has value 10.000000 
best.temp has value 10.000000 
duration has value 10.000000 
N has value 10.000000 
numYears has value 10.000000 
runType has value 10.000000 
 sds= 
$day
[1] 3.65

$temp
[1] 0.45

$precip
[1] 1

$cutemp
[1] 90

$cuprecip
[1] 6

$daysq
[1] 1332.25

$tempsq
[1] 19.7136

$precipsq
[1] 100

$cutempsq
[1] 2500

$cuprecipsq
[1] 200


 mutrate=
$day
[1] 0.01

$temp
[1] 0.01

$precip
[1] 0.01

$cutemp
[1] 0.01

$cuprecip
[1] 0.01

$daysq
[1] 0

$tempsq
[1] 0

$precipsq
[1] 0

$cutempsq
[1] 0

$cuprecipsq
[1] 0


 start=
$day
[1]    1 1825

$temp
[1]   5 225

$precip
[1] 1e-02 5e+02

$cutemp
[1]     5 45000

$cuprecip
[1] 1e-02 3e+03

$daysq
[1] 0

$tempsq
[1] 0

$precipsq
[1] 0

$cutempsq
[1] 0

$cuprecipsq
[1] 0


 years.index=
  [1]  8 67 98 65 35 45 84 39 31 57  7 65  6 43 84 67 10  7 39 72 56 38 31 35 35  9 31  6  9  9  7 72 82 43  2  2 38 72 47 35 35 35 47 57  7 84 84 10 57
 [50] 98 31 56 35 82 56 31 31 47 43  6 65  7 45 84 65 12 74 43  7 84 10 35  7 39 74 31 82 65 84 38 38  6  8 12 45 82 45 45 82  7 35 38  7 44 12 35 98 12
 [99]  2 12 74 43 65 65 67 10 45 67 65  8 35 10 47 10 56  2 98 45  8  9 39 35 35 47 57 98 72  8 10 57 31 45 11  9 65 82  7 10 31 67 57 98  7 98  2  7 98
[148] 82  8  2 39 31 38 82  8 74  6 43 57 98 98 10 84 10 45  6  7 11 38 72 82 45  6 45 45 65 11 10 35 72 72 74  7 35 38  8 10 31 31 35  2 10 65  6 38 45
[197] 98 44 44 82 67 31 56 12 56 72 11  9 45  6 38 74 82  7 67 35 67  7 38  8  8 98 11 12 98 72 82 82  6 11 57 84 67  9 47 45  8 10 98 74 45 57 39 74 84
[246] 57 35 39 74  2 65 74 56 82 65 31  2 56 98  8 38 67 57 39 45  7 67 72 39 38 43 56 12 47  9 56 72 57 44 74 10 57 39 74 11  6  8 74 84  2 65  2 72 35
[295]  2 82  6 11 38 35 84 38  2 98 35 98 84 56  6 57 74 45 44 56 43  6 72 11 12 31 38 44 45 67  7 43 74 72 31 57 43 67 82 47 56  6  8 31 11 10 45 65 84
[344] 74 57 39 12  8 67 10 47  7 57 56 67 44 39 74 72  9 98  2 31 67  2 82 65 38  6  2  6 47 43 67 57 57 56 67 12 98  7 44 35 11 82 43  9 43 74 65 82 43
[393] 12 38 43 72 45 98 12 11  7 10 74 56  9 84  8 31 39 45 10 12 67 57 57 67 56 39 84 38  7 38 67 12  7 84 56 38 84 47 35  7  7 12 65 10 98 56 47 39 12
[442] 38 10 12 72 72 47  9 84 11  7 39 57  2 12 65 72 65  6 11 31 84 44 31 56 47 44 45 44 39  6 72 72 11 44 65 11 67 11 31 38 11 11 12  6  7 72 67 57 10
[491] 12 43  9 57  6 44 45 12 72 39
