Parameters for simulation. Weather from davis data. 
 Run type = standard
traits = day cutemp cuprecip
best.precip has value 10.000000 
best.temp has value 10.000000 
duration has value 10.000000 
N has value 10.000000 
numYears has value 10.000000 
runType has value 10.000000 
 sds= 
$day
[1] 3.65

$temp
[1] 0.45

$precip
[1] 1

$cutemp
[1] 90

$cuprecip
[1] 6

$daysq
[1] 1332.25

$tempsq
[1] 19.7136

$precipsq
[1] 100

$cutempsq
[1] 2500

$cuprecipsq
[1] 200


 mutrate=
$day
[1] 0.01

$temp
[1] 0

$precip
[1] 0

$cutemp
[1] 0.01

$cuprecip
[1] 0.01

$daysq
[1] 0

$tempsq
[1] 0

$precipsq
[1] 0

$cutempsq
[1] 0

$cuprecipsq
[1] 0


 start=
$day
[1]    1 1095

$temp
[1] 0

$precip
[1] 0

$cutemp
[1]     5 27000

$cuprecip
[1]    0.01 1800.00

$daysq
[1] 0

$tempsq
[1] 0

$precipsq
[1] 0

$cutempsq
[1] 0

$cuprecipsq
[1] 0


 years.index=
  [1]  65  33  31  69  12  67  77 100   9  83  30  70  42  91
 [15] 100  24  55   4  24   7   6  89  72   9  34  86  56   6
 [29]  32  94  47  56  99  80  83  17  29  31  34  73  91  49
 [43]  25  27  27   8  91  39  84  17   5  37  65  82  45  51
 [57]   2  24  67  25  14  61  85   7  56  26  22  16  81  15
 [71]   6  60   8  48  98  94  14  30  37  36  38  59 101  64
 [85] 101  45  57  84  60  85   1  38  79   5  75  38  92  82
 [99]  80  81   5  99  71  73   3  12  96  92  77  55  39  43
[113]  29  13  71   5   9  71  86  13  21  51  91  62  61  74
[127]  78  31   4  68  64  30  27  40  51  55  72  40  33  42
[141]  15  11  36  98  41  23  66  45  39  10  76   4  95  75
[155]  60   8  80  69  84   4  83  35  94  95   1  57  24  41
[169]  80   1  43  48  41  93  21  70  86  10  26  27  16  35
[183]  30  57  32  26  95  65  53  97  96  96  65  93  19  87
[197]  89  90  46  45  94  51  95  15  74  30  42  97  48  15
[211]  56  86   7  14  53  43  53  17 100  41  57   1  41  11
[225]  44  60  20  82  93  90  64  38 100  73  95   7 100  17
[239]  33  15  14  37  81  46  49  50  89  47  67  55  20  21
[253]  69  31  76  47  46  57  18  10  32  89  87  33  54  23
[267]  49  29 101  79 101  60  48  72  57   6  89  33  55   9
[281]  69  99  67  61  15  99  57  24  74  81  33  12  87  66
[295]  95  64  28  70  85  66  46  82  87  28  38  20  68   7
[309]  72   2  75  16  68  68  64  93  20   3   3  63  95  87
[323]  43   7  88  84  86  39  35  60  27  36   2  76  47  15
[337]  40  22  61  22  36  22  92  48  83  58  75  27  82  22
[351]  66   4  10  86  34  94  76  32  46  14  13  95  65  13
[365]  37  62  56  49  80  79   5  20  88  97  53  96  13  54
[379]  41  65  75  65  65  66  93   2  76  88  56  94  53  54
[393]  33  73  39  14  74  79 101   8  57  74  94   3  27  98
[407]  80  31  95 101  56  52  50  86  96  41  53  48  37  67
[421]  27  47  94  62  53  22  63  81  97  99  66  95  26  53
[435]  48  24   6  69  38   3  32  18  93  56  54  86  48  83
[449]  53  84  49  89  14  72  99  32  58  19  96  58  15  64
[463]  30  40  77   4  72  88 101  83  88  81  69  35  12  34
[477]  58  81  47  74  17  62  72  52 101  37  68  99   2 100
[491]   9  53  60  32  17  28  93  84  71   1
