Parameters for simulation. Weather from davis data. 
 Run type = standard
traits = day cutemp cuprecip
best.precip has value 10.000000 
best.temp has value 10.000000 
duration has value 10.000000 
N has value 10.000000 
numYears has value 10.000000 
runType has value 10.000000 
 sds= 
$day
[1] 3.65

$temp
[1] 0.45

$precip
[1] 1

$cutemp
[1] 90

$cuprecip
[1] 6

$daysq
[1] 1332.25

$tempsq
[1] 19.7136

$precipsq
[1] 100

$cutempsq
[1] 2500

$cuprecipsq
[1] 200


 mutrate=
$day
[1] 0.01

$temp
[1] 0

$precip
[1] 0

$cutemp
[1] 0.01

$cuprecip
[1] 0.01

$daysq
[1] 0

$tempsq
[1] 0

$precipsq
[1] 0

$cutempsq
[1] 0

$cuprecipsq
[1] 0


 start=
$day
[1]    1 1095

$temp
[1] 0

$precip
[1] 0

$cutemp
[1]     5 27000

$cuprecip
[1]    0.01 1800.00

$daysq
[1] 0

$tempsq
[1] 0

$precipsq
[1] 0

$cutempsq
[1] 0

$cuprecipsq
[1] 0


 years.index=
  [1] 101   3  40  62  24  86  66  21  36  18  46  18  24  63
 [15]  77  54  21  45  56  39  63  23  94  16  52  21  75 101
 [29]  30  86  40  98  77  30  57  54  91  87  55  66  30  22
 [43]  39  77  56  77  46  69  98  97  50  91  45  73  21  52
 [57]  91  46  57  85   3  40  84  85 101   7  87  52  16  23
 [71]  97  63  50  42  91  66  75   3  26   7  91  94   9  17
 [85]  66  81  52  57 101  17  13  57  91  57 100 101  85  56
 [99]  69  82  57  87  45  25  13  30  16  22 100  18   9  56
[113]  86   3  45  39  55  82  13  36  98  42  40  42  62  30
[127]  63  96  55  45  45   9  36  98  56  30  30  56  85  50
[141]  50  61  52 101  45  40  46  40  82  16  16   9  13  39
[155]  75 100  87  96  91  81 101  50  56  66  13  96  70 101
[169]  75  85  56  55  85  77  16  26   7  16  97  61  40  70
[183]  61 101  16  75  96  54  75  50  35  69  46  87  87  13
[197]  54  17  63  86  46  55  63  45  94  58   9  98  16  62
[211]  86  94  13  87  77  94  55  21  70  69  82  21  97  87
[225]  97  97   3  36  85  91  70  96  86  91  46  87   7  73
[239]  66  66  25  24  25  45  23  35  25  81   3  46  85  50
[253]  23  82  52  35  77  81  98  25 101  57  55  58  57  62
[267]  98  73  56   7   9  39  39  54  97 100  86  56  54  85
[281]  26  82  30  42  87  69  75  26  23  36  16  25  46 100
[295]   7  75  13   9  84  52  16  84  61  75 101   7  75  56
[309]  18  77   3  91 101  50  87  45  97  21  91  75  91  98
[323]  42  21  77  55  23  70  94  98  46  30  91  23  63  55
[337]  75  39  98  97  22  96  22  57  91  23  55  26  70  86
[351]  91  96  50  35  42   9  70  40  57  39  22  91  42  86
[365]  75  30  69  69  69  84  45  56  30  57  36   3  13   3
[379]  54  97   7   3   7  46  77  21  54  82  81  50  82  23
[393]  18 100  61   9  62  23  63  25  84  98  26  62  30   9
[407]  69  13  39  52  22  39  77  56  22  22  73  86  75  42
[421]  35  77  98  70  66  16  24  26  97   9  50  62  17 101
[435]  98  18  61  25  26  18  26  45  98  98 100  45  25  16
[449]  17  63   7  17  42 101  91  98  75  23  23  25  98  36
[463]  87  82  39  25  81  86  35  96  35  36  16  30  57  81
[477]  40  94   9 100  23  66  77  50  22  25  39  35  70  16
[491]  45  24  86  42  13  50  85  23  77  91
