Parameters for simulation. Weather from davis data. 
 Run type = standard
traits = day temp precip
best.precip has value 10.000000 
best.temp has value 10.000000 
duration has value 10.000000 
N has value 10.000000 
numYears has value 10.000000 
runType has value 10.000000 
 sds= 
$day
[1] 3.65

$temp
[1] 0.45

$precip
[1] 1

$cutemp
[1] 90

$cuprecip
[1] 6

$daysq
[1] 1332.25

$tempsq
[1] 19.7136

$precipsq
[1] 100

$cutempsq
[1] 2500

$cuprecipsq
[1] 200


 mutrate=
$day
[1] 0.01

$temp
[1] 0.01

$precip
[1] 0.01

$cutemp
[1] 0

$cuprecip
[1] 0

$daysq
[1] 0

$tempsq
[1] 0

$precipsq
[1] 0

$cutempsq
[1] 0

$cuprecipsq
[1] 0


 start=
$day
[1]    1 1095

$temp
[1]   5 135

$precip
[1] 1e-02 3e+02

$cutemp
[1] 0

$cuprecip
[1] 0

$daysq
[1] 0

$tempsq
[1] 0

$precipsq
[1] 0

$cutempsq
[1] 0

$cuprecipsq
[1] 0


 years.index=
   [1]  82  73   9  66  86  77  36  55  22  24  45  81  75  36  21  69
  [17]  22  56  63  45  66  42  82  61  70  54  98  86  21  35  56  24
  [33]  62  97  25  54  96   9  22  25  62  69  26  91  46  54  73  73
  [49]  81  94  75  96  98  97  22  39  85  42  91  96  84  61  23  91
  [65]  81 101  66  21  13  70  23  84   7  70  45  66  24  24  50  16
  [81]  25  94  30  58  24  22  97  75  52  22   7  87 101  56  25  57
  [97] 101  56  94  96  17  54  57  96  50  17 101  46  45  94  52  94
 [113]  85  22  56 101  35  73  26  94  55  57  85  69   3  52  77  54
 [129]  81  17 101  57  22  63  50  94  21  81  81  24  66  23  45   3
 [145]  45  22  21  16  96  35   9  96  24  97  35  24  35  87  85   7
 [161]  52  55  13  30  13  69  24  61 101  17  55  17  52  62  84  42
 [177]  45  98  61  30  63  17  50  97  52 101  63  54   7  82  82  86
 [193]  97  70  23   3   7  50  75  55  62  58  85  97  94  97  81  52
 [209]  94  91  13  75  84  84  39  16  23  85  77  73  94  77  61  52
 [225] 101  73   9  42  16  75  25  46  70  39  13  96  70  63  62  46
 [241]  61  77   3  56  23  57 101  13 101  21  35   3  45  16  21  62
 [257]  39  30  25  75  85  85  55  42  50  21  73  57  70  75  50  56
 [273]  39  13   7  22   3 100  86  85  57  84  69   9  77  23  52  94
 [289]  61  56  85  30  26  69  96  39  91  96   9 100  56  94  17  97
 [305] 100  40  58  66  18  86  39  25  70  13  24  77  13  30  82  62
 [321] 100  39  97  54  24  17  55  97  42  61  16  70   3  35  30  40
 [337]  66  87  62  42  26  26  21  46  13  75  30  13  16  24  75  35
 [353]  25  22  42  42  77  50  18  66  77 100  22  87  73  87  86  86
 [369]  61  82 100  13  52  52  26  87 100  57  18   9  63  50  81  81
 [385]  58  81  98  21  97  16  70  52 100  46  16  62  36  62 100  45
 [401]  55  13  26  58  82  40  58  52  21  62  45  63 101  13  63  13
 [417]  73  40  18  22  96  86  86  97  94  84  77  16  61  13  17  26
 [433] 100   7 100 100  81  16  55  35  86  91  46   7  62 100  62  82
 [449]   7  30  46  66  91 100  82  63  69 101 101 101  81  22  94  82
 [465]  30   7  24 100  57   9   3 100  81  21   3  54  75  73  35  77
 [481]  45  45  82  63  39  84  24  52  98  13  77  22  23  23  69  57
 [497]  81  50  45  87  58  36  57  24  77  42  35  24  58  97  85  70
 [513]  26  58  66  22  46  35  87  13  30  82   7  54  69  26  82  30
 [529]  23  39  61  46  77  13  98  36  35  50  62  81  25  17  61  16
 [545]  70 100  94  57  66  50  70  61  57 100  73  81  22  94  61  13
 [561]  54  96  50  57  58  54  57  52 100  56  24  87  40  73  46  69
 [577]  56   9  45   7  97  56  73  77 101  45   7  18  62  85  58  40
 [593]  75  50  91  62  50  57  98  46  18  18  82  16  26  86  40  85
 [609]  25  13  54  57  25  91  96  56  22  61  23  91 100  23 100  62
 [625]  25  30 100  57  17  42  81  69 101  46  84  42 100  18  94  55
 [641]  66  22  87  39  25  91  82  54  46  24  22  84  46  55  45  23
 [657]  70   7  96  70  26  82  13  42  86  63  85  63  30  35 100   7
 [673]  24 100  87  46   3  30  25  24   7   3   7  96  69  69  42  50
 [689]  98  23  66  73  22  58  17  52  85  46  25  63 101  94  16  18
 [705]  98  30  55  45  26   7  98  21  50  50  23  40  50  69  66  46
 [721]  69  62   3  45  22  35  86  36  26  21 100  42   9   9  97  84
 [737]  26  22  21  36  77  56  62  30  18  86  85  35  66  70  18  87
 [753] 101  40  70  36  69  46  73  70  21  62  24  62  39  18   9  58
 [769]  18  61  18  13  40  54  75  61   3  16  35  39  57  30  36  98
 [785]  25  24  58  63  22  21  97  21  69  66 101  22  63  57  81  16
 [801]  81  96  82  77  22  36  62  81  57  57  30  23  81  54  75  87
 [817]  57  56  25  30  85  87  56  55   9  22  24  42  96  23  69  30
 [833]  61 101  82  98 101  13  17  84  63  13   3  21  84   3   9  17
 [849]  73  61  23  23  24  84  81  26  18  35  45  81  82  22 100  91
 [865]  25  58 101  77  55  13  25  58  63  82  55  40 100  16   3  91
 [881]  21  66  52  77   9  63  36  81  77  85   7  45  52  63  54  55
 [897]  16  77  16  63  69  70  50  56 100  81  91  81   3  73  16  50
 [913]  57  85  50  36  24  70  39  39  97  36  96  98  50  30  98  98
 [929]  75  54  61  91   7   9 101  26  18  52  84  50  97  46  30  87
 [945]  13  30  58  35  97  25  13  54  75  54  85  30  70  57  40  39
 [961]  75  13  91  58  22  35 100  70  70  75  13  62  21  50  96  23
 [977]  77  13  55  54  85  84  46  22 100  58  39  96  17  96  24  96
 [993]  98  39  61  39  25  66 100  40
