Parameters for simulation. Weather from davis data. 
 Run type = standard
traits = day
best.precip has value 10.000000 
best.temp has value 10.000000 
duration has value 10.000000 
N has value 10.000000 
numYears has value 10.000000 
runType has value 10.000000 
 sds= 
$day
[1] 3.65

$temp
[1] 0.45

$precip
[1] 1

$cutemp
[1] 90

$cuprecip
[1] 6

$daysq
[1] 1332.25

$tempsq
[1] 19.7136

$precipsq
[1] 100

$cutempsq
[1] 2500

$cuprecipsq
[1] 200


 mutrate=
$day
[1] 0.01

$temp
[1] 0

$precip
[1] 0

$cutemp
[1] 0

$cuprecip
[1] 0

$daysq
[1] 0

$tempsq
[1] 0

$precipsq
[1] 0

$cutempsq
[1] 0

$cuprecipsq
[1] 0


 start=
$day
[1]   1 365

$temp
[1] 0

$precip
[1] 0

$cutemp
[1] 0

$cuprecip
[1] 0

$daysq
[1] 0

$tempsq
[1] 0

$precipsq
[1] 0

$cutempsq
[1] 0

$cuprecipsq
[1] 0


 years.index=
   [1]  34   4  24  41  73  73  62  86  58   9  23  18  94  65  16  50   7  98  73  92  71
  [22]  16  66  91  75  82  45  75  74  14  12   6  35  87  57  22  22  26  19  76  41   9
  [43]  69  66  39  85  69  14  27  69  87  20  59  84  43  45   1  65  45  69  28  31  42
  [64]  24  35  53  58  15  28  65  43  39  88  73 100  95  35  71  93  39  29  79  72  50
  [85]   6  62  78  65  32   9  61  84  18  97  50  46  46  90  41  23  94  88  38  78  57
 [106]  50  82  50  97  90  47  70  12  84  84  66  96  84  52  68  20  28  38  47  62  20
 [127]  59  75   4  33  11  92  13  84  96  61   9  70  77  41  10  57  76  15  63  65   3
 [148]  73  95  44  14   2   2  43  79  11  11  82  34  96   2  43  15  14   1  96  28  15
 [169]  96   8  88  30  39  45  12  21  65  14  90  71  87  75  82  98   6  68  26  63  74
 [190]  84  47  67   2  33  52  48  27  60  70  70  88  69   2  56  35  22  97  68  38  31
 [211]   7   8   1   2  98  75  99  95  29  66  35   8  18   9 100  47  18  28  88  91  84
 [232]  19  81  17 100  39  87  66   3  96  26  22  48  39   4  86  63  62   3  12  96  77
 [253]  10  78  19  86  31  27  73  95  22  95  15  14  24  23  49  53  74  17   9  82  82
 [274]   8  13  41  99  30  80  50  30  54  95  56  52  44  30  23  12  24  36  63  66  61
 [295]  37  55  37  19  86  43  92  32  96  17   5  69  30  36  35  98  28  18  55  44  79
 [316]  80  15  11  36  22  10  63  28  70  64  33  38  63  72  62  20  90 100  73 100  68
 [337]  52  16  69  52  78  11  27  42  76  47  37  85  77  12  10  54  83  44  91  61  65
 [358]  77  63  90  62  96  85  51  55  98  59  32  42  79  37  49  98  22  99   4  73  66
 [379]  68  48  17  49  38  11  86  77  69  83  29  50  43  99   7  30  87  64  62  45  44
 [400]  58  32  73  92  22  78  86  22  18   8  11   5  34  12  95  13  96  16  89  88  81
 [421]   8  50  64  47  99  33  28  45  26  90  48  63  10  97  69  29  46  63  29  28  40
 [442]   1   1  47  94  25  86  75 100  56 100  49  28  67  12  72  51  48  39  23  15  52
 [463]  47  91   6  78  95  58  54  80  74  73  37  15  74  18  33  81  93  86  85  42  36
 [484]  46  79   5  33  79  85  57  45  30  30  97  92  89  55  70  55  96  91  91  57  53
 [505]   9  16  72  36  68  10  47   1  81  53  39  30  79  26  60  47  81  37  78  89  71
 [526]  48  79  50  50  53  14  31  26  19  20  30  91  63   3  68  28  68  46  19  86  78
 [547]  67  54  76  96  41  56  69   7  83  52  85  32  27  13  50  78  42  55  25  70  92
 [568]  36  96  18  37  74  51  25  46  75  95  67  65  80  11  30  86  31  40   9  45  19
 [589]  43  79  45  65  71  94  23  31  13  53  66  21  31  44  44  10  58   8  82  41  75
 [610]  89   7   1  72  48  51   2  53  18  14  74  29   8   1   1   3  62  50  31  76  66
 [631]  34  27  82   3  10  19  51   4  14   5  43  71  47  46  50  53  54  19  84  67  39
 [652]  61  72  90   7  83  83  91  15  87  72  82  31   8   5  42   5  56  63  80  79   9
 [673]  44  82  34  40  29  55  90  14  93  57  73  92  45  53   6  40  15  35  60  80  30
 [694]  82  64   8  53  40  16   3   8  52   5  76  23  86 100  86  80  59 100  94  30  22
 [715]  75   3  68  35  70  27  17  76  21  73  26  10  28  32  38  87  88   1   1   1  44
 [736]  46  15  74  63  28  86  87  89  68  47  26  75  31  79  12  10  97  53  16 100   8
 [757]  65  82  15   8  73  76  46  89  21  47  43  80  73  21  18  80  34  55  26  69  64
 [778]  61   3  63  71  44  67  81   7  15  95  10   8  44   1  30  23  85  57  70  46   4
 [799]  84  79  79  38  95  15  39  98  22  79  93  59  77  76  23  64  56  70  54  37  28
 [820]  92  81  37   3  93  38   4  66  54   3  79  82  90  58  19  66  47  62  94  17  32
 [841]  14  63  62   1  88  95  20  10  80  64  24  19  73  24  30  77  20  59  57  26  93
 [862]   3  65  60  82  65  40  19  82  84  64  50  27  18  66  64  97  56  66   4  74  69
 [883]   8  80  79  53  69  63   3  46  64  19   9  87  20  12  23   4   4   8  32   1  59
 [904]  31 100  57  23  74   2  75  73  69  25  43   7  91  34  37  50   6  56  32  80  50
 [925]  24  99  40  85  87   3  99  33  12  33  99  36   5  77  49  26  55  95  57  74  31
 [946]  53  69  52  25  72  56  17  22  93   8  92   9   6  25  81  19  47  80   8  42  90
 [967]   6  98  72  29   5  63  75  80  62  75  27  51  46  94   6  53  25  95  56  73  63
 [988]  33   8  57  71   3   7  56  77  80  98  80  27  22  11  32  97  96  11  24   8  12
[1009]  67  65  82   3  96  42   7  59  16  92  25  58   3   1  24  16  95  15  15  41  84
[1030]  93  34  89  64  18  24  64  78  23  86  14  94  35  80   1  46  21  79  29   2  98
[1051]  44  28  79  99  66  94  71  52  22  39  77  80  99  51  83  73  82  69  58   5  38
[1072]  41  74  43   2  62  74  41  81  26  13  23  72  22  99   4   9  12  56  85  35  77
[1093]  71  79  14  81  34   5   9  59  62  19  73  73  53   7  53   9  69  94  60  38  12
[1114]  96  14   8  18  45  25   3  35  92  16  78  81  11  24  86  93   3  53   7  86  56
[1135]   5  66  27  29  99  35  91  85  12  25  34  43  14  96  43  10  99  94  47  81   6
[1156]  69  40  68  93 100  83  65  62  73  63  59  38  15   6  73  16   5  83  91  55  93
[1177]  70   7  36  53   9   4  92  46  75   3   4  43  71  17  94  56  34  62  83  97  53
[1198]  64  78  95  67  35  91  99  86  36   9  54  88  99  40  69  94  62  41  81  37  38
[1219]  42  91  72   2  20  28   6  62  23  96  91   4  22   3  69   6  38  17  95  37  91
[1240]  30  44  90  70  95  29  83  66  41  75 100   8  86  45  64  50  58  79  71  32  81
[1261]  27  77  47  18  73  84  94  61  38  67  68  69  26   2  81  31 100  69  63  95   8
[1282]  91  93  88  83  47  89  27  50  62  82  65  31  47  63 100  95  29  73  96  15  71
[1303]  67  38  11  10   2  21  86  24  33  97  77  35  91  59   8  56  15  54  46  41  81
[1324]  97  50  89  25  81  30  72  50  34  40  77  67  45   3  47  23  91  83  71  36  25
[1345]   1  44  65  71  49  62  60  63  55  44  91  78  57  29  24  83  56  55  75   9  25
[1366]  88  50   1  54   2  27  70  17  25  39  83  27  26  14  55  71  43  81  85  29  52
[1387]  57   2  56  32  24  19  28  76  71  21  50   5  98  54  78  82  43  61  39  90  92
[1408]  66   5   3  12  61  85  95  39  40  40  45   1  33  48  27  39  10  93  31  16  31
[1429]  34  78  37  90  28  30   5  28  68  63  30  92  40  41  93   3  40  21  99   9  53
[1450]  32  94  94  56  81  32  84  62  62  71  85  72  46  23  53   7  98  61  69  31  15
[1471]  80  11  61  65  45  88   1  88  36  87  28  53  95  17  85  79  79  34  59  29  83
[1492]  47  83  64  38  48  69 100  98  70  58  83  60  49  70  87  52  40   7  54  98  70
[1513]   8  56   3  80  57  25  73  36  54  66   3  38  79  11  64  97  70   1  40  68  28
[1534]  55  93  84  75  23  80  51  73  14  63  14  74  51  80  24  40  99  96  29  21  18
[1555]  80  60  19  24  15  56  43  54  96  78  45  13  83  70  47  77  51  55  48  52  25
[1576]  68  93  65  41  23  50  33   1  96  52  71  26  33  11  12  34  84  82  42  80  38
[1597]  95  23  37  82  16  92  93  91  67  62  30  21  62  51  85  28  61  41  96  35  77
[1618]  94  72  89  76  59  56  35  76  65  93   7  69  45  60  94  59  71  35  72  95  82
[1639]  89  30 100  28  62  84   7  84  94  72  86   3  28  63  67  73  61  35  36  55  30
[1660]  34  10  42  47  36  16  92  34   4  89  60  24  24  67  46  95  41  76  49  75 100
[1681]   4  27   1  35  84  12  59  57  31  57   4  28  93  97  42  32  95   3  72  17  84
[1702]  54  17  32  96  47  21  25   1  42  17  22  17  58  49  37   4  26  53   1  20 100
[1723]  46  83  76  39  59  45  11   9  90  69  73   1   1   8  27  87  59   3  50   4  43
[1744]  45  40  69   1  73  40  91  54  57   8  52  85  38  16  33  76  14  70  40  50   7
[1765]  37  95  45  89  19  68  94  27  37  57  42   4  77  59  32  73  91  12  27  41   9
[1786]  83  54  45  57  96  42  16  47  10  63  61  86  12  44  68  48  37  21  43  97  30
[1807]   5  78  96  73  38  40  37  74  35  51  81  42  47  54  43  10  22   3   6  47  76
[1828]  69  35  27  21  53   1  59  17  56  23  76   6  34  98  61  64  97  32  14  28  54
[1849]  70  39  91   7  11  93  93  85  16  16   5  10  24  20  68  60  91  39  62  66   9
[1870]  98  44  17  42  90  63  73  87  18  67  25  62  50  97  81  89  48  64  89  82  45
[1891]  58  45  75  64  42  62  22   9  63  57  18  19  79  79  29   6  67  66  98  81  96
[1912]  38  88  61  18  63  42  25  34  63  45  28  72  25  98   8  67  56  52  88  51  52
[1933]  25  95  78   9  74  43   2  74  28  64  83  64  36  95  61   4  38  85  82  77  56
[1954]  42  63  34  40  28  54  12  44  97  43  59  82   9   2   8  58  77  78  33  91  96
[1975]  65  96  25  79   3  42  63  70  66  98   8  99   9  90  71  74  36  69  46  65  67
[1996]  83  85  69  44  90  18  10   6  46  23  24  97  68  98   5  61  42  63  45  97   2
[2017]  25  43  11  24  89  31  56  50  31  59  92  77   3  99  43  43  74  39   2  83  86
[2038]  31  90   4  60  68   3  18  80  94  30  48  26  32  81  39  49 100  20  27  37   6
[2059]  58  46  97  28  53  14  72  73  82   8  99  79  59  73  87  64   7   3  40  64  62
[2080]  73   9  22  89  39  77  25  69  96  23   1  46  90  63  96  28  16  82  95  54  66
[2101]  79  14  30  79  51  54  68  76  50  82  64  46   1   8  33  19  88  92  84  41  10
[2122]  39   6  49  50  24  56  75  83  72  25  84  44  45   5  95  70  25  55  10  23  40
[2143]  89  40  52  47  62  90  43  54  48  25  61  71   8  17   9  16  93  57  27  78   3
[2164]  55   7  20  40  15  84  28  82  62  65  59  35  69   2   7   1  97  50   1  10  44
[2185]  83  93   5  29  54  59  19  98  41  50  80  34  11  87  71  95  95  83  31  26  55
[2206]  43  29  78  48  89  45  51  47  97  95  63   1  10  57  40  83  70  52  49  94  74
[2227]   9  24  95  20  40  92  50   1  64  64  72  51  98  35  16  19  18  31  21  92  13
[2248]  11  62  28  66  66  69  42  58  28  98  81  74  13  61  98  61  63  96  13   5  88
[2269]  58  32  80  77  72  65   4   7  51  10  17  73  43  30  28   5  60  52   1  36  31
[2290]  22   3  66  98  27  84  84   5  39  22  12  28  60  80  76  81  45  32   7  70  16
[2311]   6  56  37  75  80  74  69  33  33  34  35  14  66  53  79  54   3  86  32  95  87
[2332]  88  21  81  90  25  65  60  17  82  47  33  52  62  63  16  13  46  90  80  21  58
[2353]  66   7  68  99  95  90  56  18  87  38  46  69  75   8  33   6  64  88  38  30  65
[2374]  45  74  25  18  33  30  19  62  51  64  60   8  94  82  81  50  86  44   9  41  73
[2395]  60  92   4  36  90  98   3  24  43  88   8  26   5  44  21  89  55  30  17  91  16
[2416]  90  55  14  88  28  83  28  93  58  20  28  19  69  40   4  32  61  46  29  49  34
[2437]  72  58  85  17  97  74  45   9   1  33  69   4  70  81  31  18  40  97  23   2  77
[2458]  35  85   7  37  39  25  22   7  21  50  41  68  67  91  92  67   2  74  73  80  31
[2479]  58  40  27   5  13  19  99  27  61  27  44  93  56  32  30  72  77  66  96  60  45
[2500]   3  85  64  97  73  52  89  57  75  40  68  57  34  30  85  79  86  84  57  47   4
[2521]  84  92  24   9  94  81  72  92 100   3  42  99  13  60  75  94  40  95  98  45  98
[2542]  21  26  73  41  96  66  31   8  59  53  94  40  79  87  28  71  35  79  10  61  86
[2563]  16  98  41  39  37  62  69  53  98  72  97  86  84  83  19  78  46  19  65  69  20
[2584]   5  73  47  76  55  74  67  18  64  29   1  51   7  20  82  33  94  48  80  91  39
[2605]  18  78  59  41  73   6  34  96  50  88 100  67  18  71  84  19  86  64  51   3  76
[2626]  21  63  93  37  31  85  79  16   1  98  61  50  52  29  94  11  88  58  58  27   3
[2647] 100  75   8  95   7  36  96  22  67  92  35  22  84  57  48  48  77  66  92  59  75
[2668]  61  44  91  83  65  44  66  66  91  30  50  13  44  42  60  60  37  19  51  57  77
[2689]  20  87  99   2  70  77  48  10  98  79  25   4  85  61  21  86  93  51  64   9  82
[2710]  51  99  14  89  40  40  69  90  66  24  34  28  19   4   3  81  23   9  86  68  75
[2731]  60  44  98  25   5  36  61  11  82  88   3  94  55  30   9  34  67  72  34  69  26
[2752]  50  38  17  98  42  91  14  55   3  93  49  15  27  80  48   7  11  97  15  98  22
[2773]  51  30  34  99  76  87  65  44  65  10 100  98  12  57  70  51   1  86  43   9   2
[2794]  28  41  88  43  39  91  52   4  25  22   7  85  57  89   9  92  29  69  76  20  66
[2815]  47  37  88  33  73   3  43  46  33  76  59  96   7  11  52  35  84  91   1  34  49
[2836]  87  61  52  77  50  15  16   3  66  78  52  15  95  96   1   9   4  88  53  87  81
[2857]  76  82  89  56  48   7  94  93  41  24  65  73  95  19  33  20  58  91  44  94  25
[2878]  62  58  83  66  20  95   3  89  82  81  71  21  18  83  78  53   3   4  62   4  17
[2899]  52  44  56   8  69  84  11  94  67  60  77  71  78  86  79  32  82  78  13   4  76
[2920]  88  56  54  18   3  25  75  92  23  22  92  74  39  83  40  22  16   6  94  45  13
[2941]  37  35   1   2   3  19  51  98  21  18  89  21  65  95  92  38  28   1  84  61  58
[2962]  22  54  73  33  25  34  19  30  58  63 100  17 100  92  17   6  62   1   2  34  35
[2983]  82  39  98  14  41  53  26   7  98  76  58  13  97  16  74  66  78  10  79  41  63
[3004]  33  12  59  80  42  77  65  98   4  23  88  76  97  59  14  85   1  11  93  95  72
[3025]  60  37  91  90  11  94  29  46  88  88  81  24  71  59  82  24  89  86  45 100  80
[3046]  67   8  81  75  32  88  30  40  37  61  92  94  35  63  33  72  39  63  51  31  12
[3067]  73  97   9  31  15   9  24  33   6  31  34  65  10  14  83  19  30  14  13  27  71
[3088]  92  36  63  12   4  73  84  86  33  60  51  66  27  30  10  59  46   1  89  71  17
[3109]  60  19  54  62  21  87   5  83  85  64  95  50  16  63  59  51  51  32  75   1  37
[3130]  51  83  42  83  71  18  87  22  70  53  59  16  50  57  61  81  48  72  96  62  64
[3151]  33   1  38  60  18  94  19  20  75  39  77  49  33  22  77  51  73  68  58  26  10
[3172]  62  15  35  30  86   2  95  20  41  81  67   3  70  36  12  90   8  41  38  73   4
[3193]  37  71  48  56  75   4  60  81  83  30  31  42  31  46  44  24  52  98  87  96  96
[3214]  24  73  89  94  43  44   3  43   6  97  47  73  46 100  30  43  51  29  29  76  22
[3235]  92  32   3  96  87  19  65  18  49  78  45  18  64  88  50   8  33  85   2  16  20
[3256]  80  30  24  78  95  35  23  87  91  62  64  87  68  95  23   7  99   7  41  89  19
[3277]  76  56  69  73  31   7  14  21  17  12  20  47  35  84  17  30   8  25  65  84  76
[3298]  90  84  99  44  87  77  43  69  66  78  69  42  88  39  91  44  77  11  15  93  40
[3319]  33  15  72  98  70   8   3  11  84  68   7  45  62  58  15  70  85  51  82  80  78
[3340]   6  63  88  62  49  83  15  80  25  12   9  84  42  93  25  82 100   3  38  95  77
[3361]  48  28  60  20  96  99  27  65  36  93  15  21  62  58  11  27  77  87  31  15  88
[3382]   3 100  91  79  66  11  88  25   8  39  32  12  57   9  89  69  24  73  29  13  90
[3403]  45  62  32   6  34  39  72  57  23  69  30  39  48  39  60  29  82  10  88  53  31
[3424]  14  91  18  55  69  54  50  45  52  10  56  88  83  60  30  22  78  96  78  62  33
[3445]  45  66   9  61  33  93  93  89  88  99  16  76   2  47   1  58  77  65  10  64 100
[3466]  47  67  39  71  21  98  37  74  47  63  14  77   2  28  98  65  17  55  19   2  11
[3487]  20  64  98  37  25  16  32  67   3  34  59   6  59  75  92  45  49  14  45  98  81
[3508]  86   4  64  41  20  67  17  93  18  70  14  26  82   7  47  64  67   4  39  64  71
[3529]  80  40  88  32  58  35  23  39  68  39  55  41  35   8  18  55   6  50  84  21  51
[3550]  59   8  50   9  34  23  25  27  34   5   6  44  97  70  28  85  62  36  16  23   8
[3571]  53   4  44  41  46   8  19  38   6  70  21   5  60  48 100  65   6  40  70  44  90
[3592]  25 100  44  48  18  59  16  58  47  35  77  52  44  85   8  79  77  22  27  49  34
[3613]  66  56  45  59  47  96  25  99  41  58  24  34  37  77  27  54  82   9  40  80   4
[3634]  59   6  22   5  25  38  62  70   4  96   4  53  53  97  29  42  23  32  66  76   8
[3655]  46  47  39   4  70  22  77  20  42  51  83  58   9  16  44  71  61  71  25  45  37
[3676]  83  79  83  30  45  35  66  28  43  86   6  28  32  41   8  97   1  87   9  95  46
[3697]  76   8  19  72  42   9  96  59  71  40  85  94  63  73  95  93  89  67  58  97  66
[3718]  10  24  38  96  70  63  92  28  12  29  35  51  34  38  95  60  49  99  46  62   5
[3739]  18  54  84  41   1  60  86  49  59  30  48  17  12 100  72   2  22  97  65  38  38
[3760]  29  40  83  82  45  38  24  26  89  52  99  79  86   9  80  64  40  20  65  11  85
[3781]  70  96  33  75  77  67  19  76  24  70  57  28  41  47  89   5  14  37  36   1  17
[3802]  99  91  43  24  98  56  32  71  46  84  92  39  73  82   2  66   5  62  34   5  34
[3823]  66  86  13  40  25  53  31  61  60  44  78  58  44  66  68  59  13  65  53  42  19
[3844]  98   2  64  65  91  84  84  89  83  39  57  29  76  87  98  35  65  18  42  94  94
[3865]  50  76  98  25  85  39  82  79  70  39  84  62  51  38  56  73  43  64  44  48  31
[3886]  90  69  41  99  40  75   3  30  71  90  28  48  77  18  71  88  10  75  64  66  35
[3907]  91  63  48  55   7  51  15  40  18   7  15  56  25  55  66  25  51   1  89  83  41
[3928]   7  25  47  13  89  70  85  76  14  68  98  21  48   3  84   6  54  75  45  91  89
[3949]  69  92  89  65  72  55  16  20  23  10  35  94  14  89  69  18  36  70  25  52   8
[3970]  96  91  72  88  86  75  55  94  93  82  47  14  82  40  67  82  80  49  21   8  75
[3991]  54  10  52   8   2  22  18  42   9   2  68  85  44   6  96  19   6   3  66  45  69
[4012]  49  68  49  68  88  88  57   9  96  46  67  43  13  77  71  67  14  58  75  33  36
[4033]  47  65  63  88  75  29   3  33   3  34  28  49  67  58  19  30  99   2  91  97  53
[4054]  54  58  51  52  63  57   1  57  38  70  70  31   1  74  35  74  61  28  73  63  18
[4075]  30  86  37  52  83  88  48  22  45  40  18  82  86  51  26   6  15  46  33  77  57
[4096]  21  60  66   2 100  28  81  21   1  92  79  94  19  33  70  60  56  74  52  62  47
[4117]  11  44  92  67   7  30  45  59   1  30  93  34  38  55  68   6  62  84  93  94  23
[4138]  53  22  43   7  71  77  83 100  39  74  41  99  85  57  52   4   2  72  92  11  90
[4159]  24  27  57  27   9  91  98   9  95  89  95  95  95  49  38  75  72  57   2  37  55
[4180]  80  48  93  26  34  54   1  25  86  44  31  42  60  92  29  91  55  13  98  27   1
[4201]  56  33  47  67  59   1  34  61  81   7   9  45  28  81  79   9   1  79  12  64   8
[4222]  95  48  18  23   4   1  81  38   3  63  59  53  63  22  64  32  70  64  33  61  78
[4243]  71  40  20  45  65  71  78  16  15  64   6   3  59  25  45  43  83   7  48  70  29
[4264]  98  18  71  39   7  17  15  66  84  15   9   5  95   1  75  93  94  11  48  55  23
[4285]  76  14   2  24   6  59  50  39  81  30  69  34  46   7  10   6  65  14  65   4  83
[4306]  96  83  46  45  71  12  32  96  96  15  43  43  11  54  49  65  62  75  96   1  55
[4327]  69   6  59  81  39  40  29  42  59  32  77  77  42   7  39  89  50  20  95  53  17
[4348]  47  80  29  53  25  16  29  22  53  62  95  51  69  78  68  39  36  19  59  89  45
[4369]  16  67  53  15  14  77  73  10  54  60  75  87  97   9  61   9  72  45  33  57   4
[4390]  30  87  43  34  44  21  94  39  15  39  22  40  24  49  41  94  37  33  15  70  81
[4411]   8  45  29  29  93  71  49  33  63  82  40  18  78  97  55  50  82  13  79  76  23
[4432]  82   4  11  29  83  71  53  68  81  40  47  22  88  82  65  36   4  72  92  47   7
[4453]  27  70  61  20   9  65  44  88  78  28  73  69  98  51  43  85  77  98 100  28  67
[4474]  98  43  25  40  51  66  39  46  41  21  81  15  39  76   2  82  30   1  37  87  48
[4495]  99  63  19  11  71  94  81   2  28  76  74  92   6  54  71  21   6  62  70  74  43
[4516]  54  23  85  98  95  69  34  49  73  34  28  63  37  93   4  89  23  77  92  42  88
[4537]  31  96  13  43  55  59  45  45  51  68  26  52  29  69  32   9  35  56  39  93  10
[4558]  92  41  85  55  30  23  86  71  77  20  56  17  84  16  11  83  68   7  45  13  59
[4579]   7  88  95  63  29  20  74   2   5  32  18  50  68  26  42  36  26  63  21  96  51
[4600]  53  18  93  33  78  45  70  13  82  83  93  58  70  18  62  99  10  53  98  59  67
[4621]   7  97  14  95  31  38  12  59  60  77  96  45  51  90  15  92  25  53  40  79   6
[4642]  71  32  50  43  66  72  69  59  61  43  32  91  72  71  73  74  39  86  62  60   8
[4663]  32   2  19  72  47  16  17   3  92  23  78  80  44   9  55  33  31  56  54  73  86
[4684]  29  17  88  66  42  59  41  43  17  39  48  22  24  63  51   7  95  39  91  80  55
[4705]  90  27  77  31  31  86  14  71  47  70  69   4  56  47  65  16  99  60  90   8  75
[4726]  89  67  86  53  65  15  79  97  90  44  66  55  80  54  34  52  98  21   9  85  12
[4747]  26   1  60  11  17  31  32  47  27  67  46  60  35  54  59  11  89  31  63  49  95
[4768]  82  60  82 100  84   6  20  43  95  90  27  60   6  89  82  70  13  95  28   1  48
[4789]  92  79 100  20  94  54  55  18  93   7  76   8  22  62  30  61  73  44  29  10  22
[4810]  87  72  64  54  51  37  45   9  46 100  86  57  36  12  65   3  51  38   8  97  14
[4831] 100  68  90  92  12  12  44  69  84  35  76  81  92  60  94  52  84  90  37  41  23
[4852]  66   5  73  83  70  71  92  21  47  63  85  70   4  28  14  29  22  69  85  57  84
[4873]  43   5  11  31  36  13  34  63  79  71   7  46  47  33  84  74  66  60  25  91  75
[4894]   7  54  51  63   8  22  36  31  98  12  51  14  10  74  56  48  23  37  50  90  76
[4915]  58  76  58  88  47  13  27  48  18  92  47  36  73  92  45  99  24  88  81  69  33
[4936]  84  46  98  81  89  17   6  11  75  74  71  70  95  60  44  88  65  37  37  15  13
[4957]  47  76  56  14   7   5  18  11  59  86 100  91  81  58  11  56  25  16  19  70   8
[4978]  63  40   6  36  66  59  35   4  99  99  53  53  79  95  42  88  75  21  93  81  48
[4999]  43  22
