Parameters for simulation. Weather from davis data. 
 Run type = standard
traits = day temp precip
best.precip has value 10.000000 
best.temp has value 10.000000 
duration has value 10.000000 
N has value 10.000000 
numYears has value 10.000000 
runType has value 10.000000 
 sds= 
$day
[1] 3.65

$temp
[1] 0.45

$precip
[1] 1

$cutemp
[1] 90

$cuprecip
[1] 6

$daysq
[1] 1332.25

$tempsq
[1] 19.7136

$precipsq
[1] 100

$cutempsq
[1] 2500

$cuprecipsq
[1] 200


 mutrate=
$day
[1] 0.01

$temp
[1] 0.01

$precip
[1] 0.01

$cutemp
[1] 0

$cuprecip
[1] 0

$daysq
[1] 0

$tempsq
[1] 0

$precipsq
[1] 0

$cutempsq
[1] 0

$cuprecipsq
[1] 0


 start=
$day
[1]    1 1095

$temp
[1]   5 135

$precip
[1] 1e-02 3e+02

$cutemp
[1] 0

$cuprecip
[1] 0

$daysq
[1] 0

$tempsq
[1] 0

$precipsq
[1] 0

$cutempsq
[1] 0

$cuprecipsq
[1] 0


 years.index=
  [1] 77 89 15 94 36 33 16 21 36  5 33 17 17 61 25 14 66 32 19
 [20] 21 64 78 87 19 19 33 63 16 66 94 99 94 77 87  5 33 25 64
 [39] 99 15  5 36 94 99 16 17 63 78 19 15 25  5 32 16 87 89 32
 [58] 25 60 20 16 14 77 21 32 20 23 99 32 25 33 78 94 21 25 76
 [77] 66 89 99 17 36 61 89 61 15 78 76 19 87 36 66 19  5 17 20
 [96] 36  5 89 32 14 63 21 36 77 17 17 61 63 63 20 99 20 21 23
[115] 63 33 23 14 77 17 99 78 20 17  5  5 61 94  5 77 61 17 25
[134] 20 89 33 78 63 15 76 32 77 32 60 16 21 15 89 19 94 14 16
[153] 23 77 64  5  5 36 87 78 20 14 33 64 87 15 23 94 87 14 99
[172]  5 87 25 99 94 23 87 66 17 94 61 14 33 21 23 25 36 63 99
[191] 89 89 94 87 33 14 99 94 20 36 60 94 23 36 19 21 16 14 77
[210]  5 33 94 15 33 21 77 36 32 15 64 20 64 16 20 77 94 21 76
[229] 99 25 36 60 21 99 61 19  5 87 14 15 14 64 89 21 20 77 33
[248] 16 63 36 19 14 20 61  5 99 17 15 14 23 87 19 32 32 19 63
[267] 32 64 77 63 25 19 20 20 61 64 76 99 76 19 61 14 23  5 76
[286] 36 64 21 94 16 16 15 66 94 21 23 32 76 25 61 15 32 21 76
[305] 76 19  5 25 66 78 32 25 23 89 20 20 36 21 99 14 87 64 61
[324] 21 14 33 16 78 14 89 15 99 17 33 77 21 20 64 87 89 16 76
[343] 66 17 87 32 77 64 64 60 66 78 87 77 78 16 32 99 89 99 63
[362] 89 99  5 15 19 33 14 19 76 87 32 78 15 32 36 77 94 25 15
[381] 17 60 94 33 20 32 19 36 76 77 32 78 60 19  5 23 23 76 25
[400] 76  5 60 87 21 25 16 60 89 36 20  5 99 16 20 61 19 14 61
[419] 87 60 20 63 23 36 20 63 89 94 19 32 16 23 94 20 36 32 32
[438]  5 25 66 64 63 20 63 66 94 14 23  5 76 61 23 87 19 94 64
[457] 76 23 16 32 76 19 25 16 76 89 21 66 89 16 19 77 60 17 16
[476] 23 32 63 32 99 87 36 23 87 16 14 64 23 76 66 21 19 16 36
[495] 60 21 61 21 60 21
