Parameters for simulation. Weather from davis data. 
 Run type = standard
traits = day temp precip
best.precip has value 10.000000 
best.temp has value 10.000000 
duration has value 10.000000 
N has value 10.000000 
numYears has value 10.000000 
runType has value 10.000000 
 sds= 
$day
[1] 1.825

$temp
[1] 0.225

$precip
[1] 0.5

$cutemp
[1] 45

$cuprecip
[1] 3

$daysq
[1] 666.125

$tempsq
[1] 9.8568

$precipsq
[1] 50

$cutempsq
[1] 1250

$cuprecipsq
[1] 100


 mutrate=
$day
[1] 1

$temp
[1] 1

$precip
[1] 1

$cutemp
[1] 0

$cuprecip
[1] 0

$daysq
[1] 0

$tempsq
[1] 0

$precipsq
[1] 0

$cutempsq
[1] 0

$cuprecipsq
[1] 0


 start=
$day
[1]    1 1095

$temp
[1]   5 135

$precip
[1] 1e-02 3e+02

$cutemp
[1] 0

$cuprecip
[1] 0

$daysq
[1] 0

$tempsq
[1] 0

$precipsq
[1] 0

$cutempsq
[1] 0

$cuprecipsq
[1] 0


 years.index=
   [1]  98  88  10  82   2  55  98  58  14  21   5  50  75  99  86  58  58  81  60  93
  [21]  48   1  33  40  22  23  56  41  97  17  66  50  84  66  17  62  79  96  75  10
  [41]   3  54  92   8  58  53  62  85  40  92  89  87  76  33   9  99  37  51  99  12
  [61]  57  99  94  11   1  36  32  38  14  66  25  25   7  42  19  99  61  38  83  35
  [81]  83  46  47   2   7  71  73  78  51   1  35  58  79  12  69  51  30  99  89  66
 [101]   8  47  93  67  81  98   2  25  47  74  32  96  24  13  74  83  39  71  14  44
 [121]  40  96  96  13  96  11  54  60  41  41  92  30   6   2   9  36  33  99  95  87
 [141]  24 101  76  78  29   8  35  17  16 101  59  15  88   7   4  68  84  10  26  62
 [161] 100  38  11  47  76  54  43  70  70  25  24  60  96  60  73  61  26 101  21  25
 [181]  97  59  10  63  22   2  85  92  31  35  48  83  53  58  25  49 100  36  69  63
 [201]  75  76  22  19  32  37  71  15  74  39   6  11  86  83  89   1  33  19   8  25
 [221]  61  72  95  94  22  89  70  81  79  30  19  98  30  76   1  37  68  64  55  52
 [241]   4  39  11  41  42  54  89   1  14  83  57  98  97   2  45   8  77  98  36  19
 [261]  33  87  48  85   3  34  66  95  15   3 101  82   9  35  86  27  80  96  40  35
 [281]  29  27  98   4  69  30  51  62  43  84  76  96   8  15  31   7  93  28  49   8
 [301]  23  50  34  40  22  72  94  44  23  40  39  71  66  55  51  10  76  75  72 100
 [321]  50  22   4  72  83  71  65  33  49  92   4 101  76  19  11  95  11  25  53  55
 [341]  14  32  76  78  43  37  87  80  94  59  72  28  87  46  28  37  48  38   2  92
 [361] 101  41  24  94  25  20  18  39   6  34  50  72  64  18  38  46  33  46  53  51
 [381]  54  50  27  80  80  70  88  61  25  56  57  44  94  68   5  50  56  18  60  72
 [401]  93  38  14  72   5   9  30  59  87  38   1  83  19  45  38  97  48  41  58  27
 [421]  58  49  97  53  64  51  37  58  70  85   8  88  33  20   1  31   3  73  12  49
 [441]  54  36  78  35  33  84  34  41  80  40  20  83  76  75   2  24  31  42  13  23
 [461]  43  66  32   1  83  69  67  37  63  76  89  47   7  20  20  35   4  99  93  10
 [481]  25  88  57   1   7  28  14  73 101  50   3  81  53  99  32  43  89  28  14  59
 [501]  14  58  36  15  17  18   6  84  52  88  22  79  72   4   2  10  15  29  14  39
 [521]  72  64  91  86  62  17  13  51  72  15  85  54  33  57  67  21  28  14  23  41
 [541]  38  12  81  78  16 101  69   3  90  70  31  57  57  18  35  77  82  71  93  28
 [561] 100  30  59   6  84  37  34  77 101  91   9  46  72  32  54 101  32  93  56  59
 [581]  28  15  76  75  12  34  60  28  72  86  16  96  50  27  15  54  24  27  41   5
 [601]  18  57  95  58  12  36  22   9  46  65   1   8  33  63  94  22  66  53  30  13
 [621]   5  34   1  23   7  18  65  71  74  60  16  71  57  71  18  40  81  49   4  20
 [641]  37  36  74  39  25  68  68  98  63  74  52  72   1  49  34  86  11  13  32  42
 [661]  38  31  80  37   7  29  26   9  34  31 101  77  37  82  76  79  13  29  60   5
 [681]  79  18  76  67  64  50  77  65  36  32  12  65  98  62  66  44  18  29  91  67
 [701]  99  60  86  12  20  48  65  26  48  95  33  64  40  45  72  30  40  54  37  67
 [721]  30  14  13  12  34  15  75  26  81  15  70  66  12  13  69  28  47  13  25  29
 [741]  25  60   6  74  30  98  76  76  84  19  99  32  57  58  80  78  33   1  77  15
 [761]  93  33  83  38  55  51  45  26  63  21  79  39  22  15  48  51  67  64  80  57
 [781]  25  86  29  64  34  14  47  68  68  51  93  16  49  14  61  55  32  81  28  67
 [801]  59  59  98  51  29  24  35  61 101  13  79  76  96  71   1  70  38  33  68  55
 [821]  21  41  22  27  93  30  17  97  89  74   2  91  57   7  22  94  47  56  82  54
 [841]  72  68  54  85  63  64  55  89  56  34 100   8  19  74 101  37  65  22  60 100
 [861]  69  25 100   2  47  83  91  66  74  41  20  18  66  25 101  25  75  68  75  79
 [881]   7  26  53  66  75  79   9 101  10  80  30  37  73  40  80  73  83  44  15   1
 [901]  46  55  67  55  77  82  38  19  73  88  69  43  98  66  47   2   4  89  98  58
 [921]  10  62  26  45  65  20  14  33  65  90  86   2  42   8  25  92  60  27  10  96
 [941]  31  76  74  93  51  19  11  53  74  27  57  98   6  61  32  36  54  21  37  29
 [961]  71  14  78  66  96  35   6  30  47  89  64  52  87  94  88  36  40  89  60  20
 [981]   1  41  13  25  73   1  25  54  89  46   2  83  23  54  88  57  35  42  61   8
