Parameters for simulation. Weather from davis data. 
 Run type = standard
traits = day temp precip cutemp cuprecip
best.precip has value 10.000000 
best.temp has value 10.000000 
duration has value 10.000000 
N has value 10.000000 
numYears has value 10.000000 
runType has value 10.000000 
 sds= 
$day
[1] 3.65

$temp
[1] 0.45

$precip
[1] 1

$cutemp
[1] 90

$cuprecip
[1] 6

$daysq
[1] 1332.25

$tempsq
[1] 19.7136

$precipsq
[1] 100

$cutempsq
[1] 2500

$cuprecipsq
[1] 200


 mutrate=
$day
[1] 0.01

$temp
[1] 0.01

$precip
[1] 0.01

$cutemp
[1] 0.01

$cuprecip
[1] 0.01

$daysq
[1] 0

$tempsq
[1] 0

$precipsq
[1] 0

$cutempsq
[1] 0

$cuprecipsq
[1] 0


 start=
$day
[1]    1 1825

$temp
[1]   5 225

$precip
[1] 1e-02 5e+02

$cutemp
[1]     5 45000

$cuprecip
[1] 1e-02 3e+03

$daysq
[1] 0

$tempsq
[1] 0

$precipsq
[1] 0

$cutempsq
[1] 0

$cuprecipsq
[1] 0


 years.index=
  [1]  56   9  82  17  15  47  34   7  26  98   5  74  53  24  15  37  44  72  86  26  68  96  61  84  88  79  92  75  55  42   6  55  88  68  98  70  49
 [38]  51  44  37   4  61  24  75  92  88   3  15  61  49  79  44  34  82  54   9  30  68  28  49  73  35  55  35   9  68  56  79  30  54  34  21  56  88
 [75]  82  38  96  79   3  35  96   3  76   6  53  17  42  21   6  37  34   4  37  12  12  50  68  55  74  17  44  34   4  21  12  12  98  56  76  96  38
[112]   6  30  61  24  86  56  12  24  46  51  86  96  35  49  30  12   7  84  42   5  15  56   5  53  61   7  44  38  30  17  21  70  30  68  23   6  49
[149]  76  24  79  24  47  84  34  22  98  79  49  50   4  14  72  42  22  51   5  49  76  28  76   3  30  14  73  12  42  56  61  14  17  51  88  76  84
[186]  64  76  47  46   7  76  88  34  70  72  15  61  26  44  23  61  72  70  15  34   9  88  76  74   3 100  15  75  17   4  61  84  92   7  28  64   5
[223]  38  50 100   4  28  44  46  96  37  61   3  96   7  82  38  14 100  35  86  44  47  22  86  68  84   9  44  61  68   7  12  61   6  26  28  28  56
[260]  51  26  37  88  76   6  72  38  15  50  34  54  54  73  28  50  86  76  72  26  42  55  26  49  68  26  12  61  54  28  47  23  37  84   4  73  61
[297]   9  98   9  47  53  76  76  70  92  92  76  26  88  37   9  55   6  12  92   9  92  44  34  84  37  22  88  42  44  28   5  34  56  42  86  53  22
[334]   7  49   4  72   6  37  35  51   9  17  23  86  98  86  14  86  38   6  68  17   6  61  44  23  79  74  98   5  61  38   4  17  72  51  30  15  79
[371]  75  64   5  68  54  21  50  15  28  17  88  46  79  55 100  23  51  72  70  96   9  73  56   5  72  55  92  64  70  22  22  75  61  55  24  73 100
[408]  96  72  38  70  22  12  44  21  73  46  44   9  51  98  84  84  88  35  79  15  23  37  79 100  44  50  30  24  35  98  74   6  38  21  88  34   5
[445]  51  24  42  92  28  46  22   5  68  55  51   9  92  24  46  37  30  72  26  79  79  49  53  84   4   6  72  17  34  82  17  42  49   7  22  76   7
[482]  28  44  75  75  21  55  35  50  49  68  24  49  73  38   4  49  53  42  98
