Parameters for simulation. Weather from davis data. 
best.precip has value 10.000000 
best.temp has value 10.000000 
duration has value 10.000000 
N has value 10.000000 
numYears has value 10.000000 
runType has value 10.000000 
 sds= 
  day temp precip
1 0.1  0.1    0.1

 mutrate=
  const  day temp precip
1  0.01 0.01 0.01   0.01

 start=
  daymin daymax tempmin tempmax precipmin precipmax
1     -1      1      -1       1        -1         1

 years.index=
   [1]  50  51  52  53  54  55  56  57  58  59  60  61  62  63  64  65
  [17]  66  67  68  69  70  71  72  73  74  75  76  77  78  79  80  81
  [33]  82  83  84  85  86  87  88  89  90  91  92  93  94  95  96  97
  [49]  98  99 100  50  51  52  53  54  55  56  57  58  59  60  61  62
  [65]  63  64  65  66  67  68  69  70  71  72  73  74  75  76  77  78
  [81]  79  80  81  82  83  84  85  86  87  88  89  90  91  92  93  94
  [97]  95  96  97  98  99 100  50  51  52  53  54  55  56  57  58  59
 [113]  60  61  62  63  64  65  66  67  68  69  70  71  72  73  74  75
 [129]  76  77  78  79  80  81  82  83  84  85  86  87  88  89  90  91
 [145]  92  93  94  95  96  97  98  99 100  50  51  52  53  54  55  56
 [161]  57  58  59  60  61  62  63  64  65  66  67  68  69  70  71  72
 [177]  73  74  75  76  77  78  79  80  81  82  83  84  85  86  87  88
 [193]  89  90  91  92  93  94  95  96  97  98  99 100  50  51  52  53
 [209]  54  55  56  57  58  59  60  61  62  63  64  65  66  67  68  69
 [225]  70  71  72  73  74  75  76  77  78  79  80  81  82  83  84  85
 [241]  86  87  88  89  90  91  92  93  94  95  96  97  98  99 100  50
 [257]  51  52  53  54  55  56  57  58  59  60  61  62  63  64  65  66
 [273]  67  68  69  70  71  72  73  74  75  76  77  78  79  80  81  82
 [289]  83  84  85  86  87  88  89  90  91  92  93  94  95  96  97  98
 [305]  99 100  50  51  52  53  54  55  56  57  58  59  60  61  62  63
 [321]  64  65  66  67  68  69  70  71  72  73  74  75  76  77  78  79
 [337]  80  81  82  83  84  85  86  87  88  89  90  91  92  93  94  95
 [353]  96  97  98  99 100  50  51  52  53  54  55  56  57  58  59  60
 [369]  61  62  63  64  65  66  67  68  69  70  71  72  73  74  75  76
 [385]  77  78  79  80  81  82  83  84  85  86  87  88  89  90  91  92
 [401]  93  94  95  96  97  98  99 100  50  51  52  53  54  55  56  57
 [417]  58  59  60  61  62  63  64  65  66  67  68  69  70  71  72  73
 [433]  74  75  76  77  78  79  80  81  82  83  84  85  86  87  88  89
 [449]  90  91  92  93  94  95  96  97  98  99 100  50  51  52  53  54
 [465]  55  56  57  58  59  60  61  62  63  64  65  66  67  68  69  70
 [481]  71  72  73  74  75  76  77  78  79  80  81  82  83  84  85  86
 [497]  87  88  89  90  91  92  93  94  95  96  97  98  99 100  50  51
 [513]  52  53  54  55  56  57  58  59  60  61  62  63  64  65  66  67
 [529]  68  69  70  71  72  73  74  75  76  77  78  79  80  81  82  83
 [545]  84  85  86  87  88  89  90  91  92  93  94  95  96  97  98  99
 [561] 100  50  51  52  53  54  55  56  57  58  59  60  61  62  63  64
 [577]  65  66  67  68  69  70  71  72  73  74  75  76  77  78  79  80
 [593]  81  82  83  84  85  86  87  88  89  90  91  92  93  94  95  96
 [609]  97  98  99 100  50  51  52  53  54  55  56  57  58  59  60  61
 [625]  62  63  64  65  66  67  68  69  70  71  72  73  74  75  76  77
 [641]  78  79  80  81  82  83  84  85  86  87  88  89  90  91  92  93
 [657]  94  95  96  97  98  99 100  50  51  52  53  54  55  56  57  58
 [673]  59  60  61  62  63  64  65  66  67  68  69  70  71  72  73  74
 [689]  75  76  77  78  79  80  81  82  83  84  85  86  87  88  89  90
 [705]  91  92  93  94  95  96  97  98  99 100  50  51  52  53  54  55
 [721]  56  57  58  59  60  61  62  63  64  65  66  67  68  69  70  71
 [737]  72  73  74  75  76  77  78  79  80  81  82  83  84  85  86  87
 [753]  88  89  90  91  92  93  94  95  96  97  98  99 100  50  51  52
 [769]  53  54  55  56  57  58  59  60  61  62  63  64  65  66  67  68
 [785]  69  70  71  72  73  74  75  76  77  78  79  80  81  82  83  84
 [801]  85  86  87  88  89  90  91  92  93  94  95  96  97  98  99 100
 [817]  50  51  52  53  54  55  56  57  58  59  60  61  62  63  64  65
 [833]  66  67  68  69  70  71  72  73  74  75  76  77  78  79  80  81
 [849]  82  83  84  85  86  87  88  89  90  91  92  93  94  95  96  97
 [865]  98  99 100  50  51  52  53  54  55  56  57  58  59  60  61  62
 [881]  63  64  65  66  67  68  69  70  71  72  73  74  75  76  77  78
 [897]  79  80  81  82  83  84  85  86  87  88  89  90  91  92  93  94
 [913]  95  96  97  98  99 100  50  51  52  53  54  55  56  57  58  59
 [929]  60  61  62  63  64  65  66  67  68  69  70  71  72  73  74  75
 [945]  76  77  78  79  80  81  82  83  84  85  86  87  88  89  90  91
 [961]  92  93  94  95  96  97  98  99 100  50  51  52  53  54  55  56
 [977]  57  58  59  60  61  62  63  64  65  66  67  68  69  70  71  72
 [993]  73  74  75  76  77  78  79  80
