Parameters for simulation. Weather from davis data. 
 Run type = standard
traits = day temp precip cutemp cuprecip
best.precip has value 10.000000 
best.temp has value 10.000000 
duration has value 10.000000 
N has value 10.000000 
numYears has value 10.000000 
runType has value 10.000000 
 sds= 
$day
[1] 3.65

$temp
[1] 0.45

$precip
[1] 1

$cutemp
[1] 90

$cuprecip
[1] 6

$daysq
[1] 1332.25

$tempsq
[1] 19.7136

$precipsq
[1] 100

$cutempsq
[1] 2500

$cuprecipsq
[1] 200


 mutrate=
$day
[1] 0.01

$temp
[1] 0.01

$precip
[1] 0.01

$cutemp
[1] 0.01

$cuprecip
[1] 0.01

$daysq
[1] 0

$tempsq
[1] 0

$precipsq
[1] 0

$cutempsq
[1] 0

$cuprecipsq
[1] 0


 start=
$day
[1]    1 1825

$temp
[1]   5 225

$precip
[1] 1e-02 5e+02

$cutemp
[1]     5 45000

$cuprecip
[1] 1e-02 3e+03

$daysq
[1] 0

$tempsq
[1] 0

$precipsq
[1] 0

$cutempsq
[1] 0

$cuprecipsq
[1] 0


 years.index=
  [1] 11  7 47 11 57 43  7 56 11  7 31 98 38 12 82 12  6 56  6 10  7 44 35 43 67  9  2 67 82 44 72 65  8  8 98 39  9 10 12 39 38 82 67  6 74  8 11 31 98
 [50] 31 57 82  8 43 98 74  2 57 57 74 74 31 47 35 44 10 38 11 44 11 65 31  6 43 74 12 84  2 44 84  6 65 74 31 10  8 44 31 12 82 45  8 72 45 12 74 35 56
 [99] 47 74 31 56 72 47 12  2 74  7  9 82 31 98 98 43 43 43 47 39 57  2 39 74  8 56 44  8 47 57 47 38 12 12 72 12 74 45  9 98 57 82  9 12 72 38 45 10  8
[148] 57 31 74 31  6 74 74 74 67 12 56 84 12 65 12 38 56 35 67  9 82 35 45 56 11 98 44 72 98 47 11 44 39 43 31 74 56  9 35 39 43 12 56 56 45 65 31  9  8
[197]  9 67 35 12 67 82  7  6 57 35 82 84  6 38 45 45  8 74 67  6 57 43 44 38 35 65 72 10 44 84  2 10 10 31 74 74 10 67 98 84 12  7 45 38  8 38 74 38 65
[246] 44 57 38  7  8 11 72 82 65 84  9 35 82 12 72 43 39 43  9  8 84 10  8 65 56 82  8 84  8 38 47 47  2 67 39 82 39 67 84 47  2 39 47  9 57  9 44 67 67
[295] 44 65 45 35 31 44 31 45 12 65 47 67 38  9 84 67 98 12  9  2 98  9 74 57 31  8  2 43 57 12 56  8 57 12 56  2 43  8 82 11 44  6 47  7 47 12 31 82  2
[344] 39  7  2 74 57 65 11  7 82  2 57  9  7 12 43 72 43 47 11  6 82 72 74 38 72 38 35 43  7 98 72  6 84 57  6  7  9 35 12 12 38 82  9 74 56  8  8 35 38
[393] 44  7 82 31 10 35 67  2  6 57 31 35 44 57  2 84  7  6  2 67 45 38 47 98 11 44 98 56  9 38 57 74 43 65 72 31  6 43 39  8  7 74  2 72 39 31 38 56 57
[442] 84  6 11  6 56 45 57 10 82 56 31  2  7 56 74  8 67 38  8 38 45 84 44 65 39 38 72 98 35 39 72  7  8  7 82 56 10 39  7 39  6 72 74 35  2 12 38 38 82
[491] 57 74 31 72 82 67  9 31 65 72
