Parameters for simulation. Weather from davis data. 
 Run type = standard
traits = day temp precip
best.precip has value 10.000000 
best.temp has value 10.000000 
duration has value 10.000000 
N has value 10.000000 
numYears has value 10.000000 
runType has value 10.000000 
 sds= 
$day
[1] 3.65

$temp
[1] 0.45

$precip
[1] 1

$cutemp
[1] 90

$cuprecip
[1] 6

$daysq
[1] 1332.25

$tempsq
[1] 19.7136

$precipsq
[1] 100

$cutempsq
[1] 2500

$cuprecipsq
[1] 200


 mutrate=
$day
[1] 0.01

$temp
[1] 0.01

$precip
[1] 0.01

$cutemp
[1] 0

$cuprecip
[1] 0

$daysq
[1] 0

$tempsq
[1] 0

$precipsq
[1] 0

$cutempsq
[1] 0

$cuprecipsq
[1] 0


 start=
$day
[1]    1 1095

$temp
[1]   5 135

$precip
[1] 1e-02 3e+02

$cutemp
[1] 0

$cuprecip
[1] 0

$daysq
[1] 0

$tempsq
[1] 0

$precipsq
[1] 0

$cutempsq
[1] 0

$cuprecipsq
[1] 0


 years.index=
   [1]  22  21  11  88  37  38  29  61  91  24   7  73   7  62  23  16  22  73  38  51  29
  [22]  98  10   2  86  77   2  89  58  62  49  64  52  61  54  99  48  19  16  93  85  87
  [43]  56  39  33  93  16  19   5  72   7  15  38  84  34  18  47   1  41  71  81  83  16
  [64]   8  70  77  78  30  34  10   2  74  84  89  28  31  46  24  58  12  54  24  41  38
  [85]  24   2  40  82  39  41   3  75  89  45  45  53  81  62  62  68  81  34  97  84  70
 [106]  47  96  85  38  29  47  16  18  20  10  83  67  49  94  30  44  23  41  48  70  77
 [127]  61  42  52  43  47  19  64  75  26  87 100  64  47  64   8  25  55  57  25  49  70
 [148]  44  87  52  65  26  39  18  74  89  40  54  62  84  15  25  12  82  43  84  54  37
 [169]   4  76  48  31  18  45  22  95  25  92  80  49  92  41  63  49  63  40  47  19  97
 [190]  20   1   5  33  38  41  28  49  76   2  47  68  24  51  82  73  68  40  93  68  92
 [211]  67  23  34  48  31  83  40  50  81  33  75  80  13  36  75  65  49   9  13 100  72
 [232]  94  59  71   2  78  74  68  13  97  42  82  18  67  41  10  73  23  42  75  21  15
 [253]  12  99  68  49  69  72   3  15  18  10  91  19  78  72  80  18  85  21  71  62  29
 [274]  61  49  99  85  28  23  41  95  93  95  25  81  71  12  33  33  32  62  22  16   9
 [295]  19  42  12  10  24   8  10  18  86  56   6  89  73  58  50  39  44  80  66  27  56
 [316]  49  60  78  91  46  15  66  61  64  37  15  22  93   1  78  88  73  37  44  70  98
 [337]  12  56  53  99  76  39  30  69  68  43  23  19  68  56  15  17   4  23  77  85  19
 [358]  80  59  41  19  70   8   4   8  34  81  45  35  12  75  30  91  61  58  50  63  55
 [379]   7  31  80  49   2  96  67  47  55  41  52  36  80  77  13   4 100  89  29  34  98
 [400]  71   7  19  76  84  71  53  86  75  99  26  41  33   7  68  45   9  85   9  65 100
 [421]  14  27  79  43  81  52  46  27  71  13  66  55  96  55  57  48  35  46  34   9  44
 [442]  51  42  17   3  42  83  50  13  92  37  63  74   8  75  77  10  93  53  93  44  44
 [463]  37  13  61  60  84  98   2  46  67  61  42   6  42  26  22  55  87  76  15  92  75
 [484]  92   6  20  47   6  63  60  48  27  56  31  28  62  90  46  93  64   9  83  96  50
 [505]  51  50   7  96  42  61  31  78  74  90  68  18  46  54  89  87  89  55  34  85  39
 [526]   5  47  76  75  21  83   3   6  50  91  59  76  77  53  79  85  11  67  62  35  42
 [547]   5  21  19  25   1  35  83  19  37  55  94   5  17  32  52  37  32  64  43  21  60
 [568]   7  20  18  18  10  54  92  43  66  36  45  84   7  74 100  93  28  96  83  11  27
 [589]  56  81 100  91  72  64  15  89  26   8  30  46  49  76  40  67  68  11  29  20   3
 [610]  19  64  90  76  64  59  81  92  51  98  51  64  97  79  66  53  88  50  14  48 100
 [631]  86  90  54  25  32  57  48  38  92   3  69  44  80  96  52  56  86  69  93  69  12
 [652]  66  43  55  54   7  98  87   9  39  77  43  54  28  93   4   3  99  25  56  41  60
 [673]  21  29  83  90  89  37  44  63  30  99  17  64  77  23  95  76  17  20  87  44  81
 [694]  95   5  39  53  44  41  81  61  13  78  88  51   6  55  11  47   3  51  24  67  63
 [715]  91  93   1  33 100 100   5  94  69  29  90  63  80  43  72  11  51  87  50  67  37
 [736]  99  19  83  89  97  77  52  66  15  34  17  39  71  10   9  64  47  28  45  58   2
 [757]  17  75  36  24  32  56  10  70  95  73  79  40  86  82  70  73  30  89  90  38   1
 [778]  85  20  13  87  77  59  54  67  79  87  43  31  14  57  96  10  82  92  27  60  66
 [799]  78   8  65  59  33  37 100  30  96  75  60   5   3  22  98  24  50  40  67  79  73
 [820]  32  75  25  19  96  77  70  35  61   5  20  59  74  40  53  43  14  16  12  79  19
 [841]  54  55  75  32  73  92  52  82  84  50  86  68  78  82  14  39  67  94  54  22  10
 [862]  98  21  70  46  66  29  69  91  63  29  98  55  65  74  87   6  54  93  32  11  62
 [883]  89  50  67  52  34  18  67  48  10  19  81   8  99  20  26  73  85  59  98  41   8
 [904]  61  29  62  44  68   3  54  36  53  56  40  53  96   9  90  97  63  60  99  28  72
 [925]  20   5  62  63  27   1   6  56  91  45  24  14  99  77  29  61  81  99  15  64  41
 [946]  53  30  42  24  81  48  88  89  56   2  17  40  67  30  69  47  57  44  65  59  92
 [967]  51  96  97  45  69  21  89  65  98  79  35  58  75  88  26   2  14  59  76  92   1
 [988]  83  75  32  29  22  99  18  87  10  65  53  87   9  24  37  60  66  32  28   7  37
[1009]  16  77  91  73  13  14  12  63  97  60  11  63  16  29  81  35  68  66  16  15  97
[1030]  14  97  13  78  15  43  41  70  83  80  84  60  50  38  24  42  14   1  62  24  23
[1051]  11  80  40  76  35  31   5   1  32  26  85  15  49  11  32  88  74  37  39  51  75
[1072]  81  24  31  31  94   5  24   6  20  54   9  43  67   5  18  78  50  80  16  81  15
[1093]  12  92  33  32  46  75  15  84  90  97  87   5  93  20  65  40  15  51   3  70  43
[1114]  32  34   2  36  48  81  13   1  20  30  22  72  20  13  30  59  45  75  34  11  42
[1135]  85  73  39  81  39  95  28  50  42   9  83  92  52  71  80  58  95  31  18 100  61
[1156]  12  39  61  10  51   7  52  26  76  67  49  65  33  90  58  78  91  76  28  28  99
[1177]   5  34  19  25  73  75   8  13   5  52  45  45  94  16  23  64  45  43  68  41  72
[1198]  86  45  66  99   5  14  51   9  84  28  78   8   4  72  88  18  19  81  89  35  70
[1219]  51  96  11  54  33  98  39  90  36   8  57  64  42  11  46  87  80   3  49  23  34
[1240]   8  98  55   5  15   6  45  60  39   5  79  61  19  13  60  24  56  32  61   5  51
[1261]  88  18  71  33  95  15  94  31  77  13  99  13  56  21  50  86  93  35   7  13  52
[1282]  86  59  34  90   5  55  13  72  69  82  61  99  14  72  21  64  92  11  90  53  10
[1303]  42  77  34  90  63  43  53  94  16  59  87  96  54  11  85  64  50  62  14  15  15
[1324]  91  42  61  27  16  74  75  50  97  24  42  70  14  88  62  59  66  29  75  38  93
[1345]  42  71  75  92  92  19  60  40  56  20  18  79  29  70  67  46   9  16  23  28  53
[1366]  75  19  97  25  27  25  70  46  78   5  65  10  76  20  70  85  18  65  81  85   8
[1387]  95  38  57  25  59  72  40  67  93  68  73  34  44  15  84  45  64  13  29  90  47
[1408]  44  52  27  61  14  77  39  66   6  57  59  78  96  88  81   2  24  30  75   8  17
[1429]  39  72  78  81  67  80  72  25  60  32  66  24  78  12  56  74  45  11  50  31  90
[1450]  56  88  59   5  34  32  22   7  55  72  38 100  54  84  33  50  13  59  16  93  76
[1471]  63  15  60  84  36  70  50  10  76  82   8  63  12  92  17  41  79  48  52  11  17
[1492]  16  63  18  17  94  30  90  27  96  50  48  40  76  56  28 100  30  62   4  26  39
[1513]  90  75  25  40  34  69  75  19  72  70  54  31  76  41  44  77   5  70  79  42  16
[1534]  34  51  99  61  15  50  28  63  94  44  65  68  89  76  19  44  11  50  96  20  17
[1555]  52  91  22  35  19  96  31  94  88  32  65   4  37   8  94  17  17  13  41   4  93
[1576]  83  11  23  21  20  87  22  55 100  39  74  26  53  89  91  13   5  11 100  42  84
[1597]  82  88  31  65  20  20  65  93  37  57   7  29  75  17  20   5  58  58  28  60  49
[1618]  28   4  47  51  37  92  71  70  75  16  89  81  95  31  81  89  19  85  68  51   3
[1639]  74  86  73  47  45  33  69  99  56  45  46  62  39  66  54  45  39  15  14  87  49
[1660]  72  73  16  59  81  64  79  35  55  51   9  39  71  12  23  78  82  85  79  82  55
[1681]  86  18  82   7  53  83  72  29  66  14  21  90  52   3  79  24  48   9  86  27  40
[1702]   3  37  43  15  21  74  77  44  47  44  86  22  88  27  77  36  53  46  22  89   4
[1723]  49  72  89  40  77  87  87  16  46  54  92  91   8  18  65  95  68   7  89  38   2
[1744]  64  79  15  40  36  36  35  40  63  63  51  90  61  17  54  87   4  36   9  19  31
[1765]  17  26  40  29  26  42   9  29   1  22   5  39  80 100  65  51  87  10  78  63   3
[1786]  32  33  48  61  20  40  77  77  29  40  46  75  59  68  50  65 100  77  81  36  57
[1807]   2  15  22  86  22  93  27  78   1  70 100  49  90  99  60  59  77  76  98  15  94
[1828]  33  54   4  41  51  46  45  61  14  71  87  24  12  80  32  96  49  58  58  34  73
[1849]   7  68  34  74  90   9  52  59  76  64   7   6  87  81   3  75   5  77  56  46  93
[1870]  82   1  13  52  50  53  27  43  41   7  10  75  77  60  75   5  98  39   2  65  14
[1891]  18  26  75  70  81   7  86  58  34   3  35  41  60  87  34  37  75  12  70  72  75
[1912]   3  76  57  97  33   1   4  78  87  52   3  87 100  34   9  81  89  90  61  73  89
[1933]  65  80  34  29  31  51  24  96  22   4  54  88  41  29  21   7  59  18  26  71  27
[1954]  43  67  99  84  32  26  80   8   7  93  41  42  60  16  80  70  29  45  72  47  67
[1975]  39   2  71  16  44   1   8  81  23  77  90  33  60  66  31  93  88  72  75  87  42
[1996]  87  60  95 100   8   6  70  72   3  77  66  12  74  57  39  24  77  43  66  12  27
[2017]  68  89  51  51  32  15  13  37  18  46  38  37  62  39   5  92  14  74  50   3  99
[2038]   8  98  67  24  50  30  29  21  70  33  78  63  13  11  28  49  19  76  43  60  52
[2059]  74  45  91  29  59  34   8  86  47  98  12   2   5  78  24  43  18  43  98  43  62
[2080]  20  79   6  72  43  43  66  57  37  58  20  41  26  52  48  93  44  75  13  17  60
[2101]  68   7  77  54   7  42  58  66  71  37  30  16  53  56   8  54  73  36   4  30  42
[2122]  72  64  21  29  35  68  98  20  53  99  65   5   4  13  80  30  79   4  55  45  61
[2143]  49  97  78  40  53  92  13  97  85  10  84  95  26  61  68  32  28  44  80   4  23
[2164]  98  20  63  99  21  46  77   3  70  52  15  51  73  49  71  74  87  79  86  16  87
[2185]  15  56  55  15  51  94   8  97  90  96  52  12  74  40  99  89  40  79  58  11  25
[2206]  86  16  35  67  68  32  91  32  19  40   5  28  32  25  53  18  27  76   3  11  27
[2227]  56  49  14  36  11  84   7  20  53  66  71  11  88  95  95  10  93  95  46  73  29
[2248]  53  89  88  83  81  43  55  70  58   4 100  40  45  98  70  97  42  41  46  64  73
[2269]  12  48  33  49  97  41  25  42  43  38  87  33  19  10  49  42  74  92  43  17  37
[2290]  81   3  75  75  75  58  26 100   9  88  36  27  72  37  94  47  30  34  71  14  65
[2311]  42  50  79  58  13  61  32  35  63  74  21  37  62   2  70  67  74  39  73   6  48
[2332]  98  12  34  27   3  77  73  23  90  30  69  86  12  38   1  70  71  62  91  80  99
[2353]  71  64  28  40  33  56  22  10  19  65  23  23  58  77  98  11  62  95  82   9   6
[2374]   5  36  48  27  74   1  85  84  40 100  32  33  11  78  13  30  42  34  59  68  84
[2395]  24  77  71  88  69  68  81  79  46  38  31  46  56  24  60  85  85   3  43  97  81
[2416]  18  60  34  67  86  20   1  37  78  45  38  88  55   5  23  67   1  54  35  45  63
[2437]  78  87  17  19  32  67  81  45  23  30   8  99  31  42  84  41   7  99  97  92  57
[2458]  49  95  89  14  22  75   9  64  45  75  58  58  68  81  18  24  54   6  83  30  97
[2479]  71  88  46  45  13  67  12  58  64   5   6  37  98  24  91  64  16   3   7  63  29
[2500]  90  59  12  28  18  75  27  34   4  42  39   3  47  81  99  76  72  88  85  37  21
[2521]   1  51  17  80  47  24  62  75  78  32  54  52  61  58  40  81  17  91  66   1  53
[2542]  35  40  93  44  69   4  54  91  18  86  41  65  21  56  31  49  37  22  55  96  11
[2563]  49  16  88  24  55  62  48  69   1  62  54  38  23  81 100  49  81  44  27  23  42
[2584]  23   2  39  91  40  52  88  15  15  59  32  63  38  76   7  61  75  80  45  79  73
[2605]  49   8  48   1 100  44  50  55  21  62  47  87  64  89  50  10  96   2  92  79  94
[2626]  65   1  27  47  50  74  78  51  17  81  36  52  62  97  67  23  75  81  31  28  21
[2647]  32   1  61  37  38  22  15  45  86  10  30  96  99  49  75  46  21  67  81  22  66
[2668]  60  71  18  37  39  13   6  81 100  37  36  74  28   1  36  51  78  37  80  29  63
[2689]  12  95  85  43   4  26  48  59  79   4  20  23  32  70  80  99  61  71  55  19 100
[2710]  74  18  73  25  30  44  87  22  81  95  60  92  78  73  84  24  15  86  45  76  76
[2731]  39  53  46  50  64  86  43  74  34  68   7  59  80  45  44   3  85   1  31  34  12
[2752]  26  95  30   1  90  94  67   7  69  50  68   2  59  76  37   7  44  91  95   2  54
[2773]  90  21  85  39  38  12  22   6  10  22  22  39  10  35  71  47  44  31  32  43  16
[2794]  92  17  78  21  64  65   8  19  11  94  73  13   2  55  33  37  79  60  63  83   7
[2815]  44  37  40  96   7  48  34  93  67  25  36  72  84  57  58  36  12  28  61  58  15
[2836]  72  12  37  31  33  85  86  45  26  12  29  13  18  36  52  60  72  29  43  68   5
[2857]  15  44  41  18  16  30  20  42   7   7  96  87  88  88  99  54  14  29   5  59  47
[2878]   5  60  20  20  34  19  55  70  17  74  53  14  57  39 100  64  95  70  86  88  71
[2899]  12  94  39  31   3  11  56  11  22  49  17  14   9  26  43  51  73  72  86  54  11
[2920]  43  19  90  54  31  79  59  75  25  91  50  75  17  81  30  95  37   2  93   8  25
[2941]  66  34  51  49  29  84   8 100 100  61  36  69  77  60  57  61  20  28  91   6  41
[2962]   8   2  51  50   9  21  52  56  94  85  67  52  13  93  39   3  42  56  40  43  91
[2983]  12  22   6  28  58  41   7  90  57  20  52   8  18  49  91  53  81  69  84  16  52
[3004]  33  69  41  39  57  98  73  97  87   3  21  39  12  34  14  75  57  61  37  94  78
[3025]  20  61  12  87  45  71  47  68  23  17  70  37  86  82   5  53  90  19  14  47  20
[3046]  16  71  99  56  54  89  64  83  22  98  66  84  11  53  31   6   2  82  85   3  79
[3067]  83  19  82  92  18  97  98  18  22  99  32   3  59  47  30   5  40   2  84  71  40
[3088]  38  46  60  22  83  58   7  66  84   8  95  97  55  98  90  11  63  22  30  79  88
[3109]  28  62  95  60  26  73  96  39  98   7  48  42  22  52 100  90  96  23  79  59  32
[3130]  59  71   8  72  41  14  33  24  37  21  86  16  40 100  58  98  12   6  83  67 100
[3151]  95  30  34  53  28  13   7  15  48  51  15   1  41  62  60   8  31  52  96  77  57
[3172] 100   6  68  10  20  31  16  18  62  68  25  57  12  66  58  46  20  76  78  62  23
[3193]  81  67  99  79  22  74   3  11  34  46  64  86  82  16 100  78   9  47  10  36  20
[3214]  77  95  21   7  21  49  50  37  38  70  40  83  20  83  20  45   3  96  12  98  62
[3235]  82  76  16  61  55  11  36  10  97  92   2  88  33  10  92  61  95  39  64  41  22
[3256]  15  70  92  58  31  74  36   5  60  73  84  25  74  57  70  56  32   6  98  19  45
[3277]  65   2  78   2  49  50  61  85  23  96  82  19  59  43  57  68  87  98  86  13   7
[3298]  97  23  68  86  36  96  63   1  54  94  55  56  29  19  39  15  18  53  24   2  84
[3319]  68  98  73  49  31  56  41  68  89  16  80  83  66  61  36  65  77  89  73  53  37
[3340]  70  42  17  26  39  18  34  74  96  61  87  37  33  30  66  46  38  76  90  78  87
[3361]  47  72  92  88  85  23  91  94  97  74  75  13  81  65  43  30  88  84  21  82  32
[3382]  90   1  44  51  26  38  85  87  36  85  95  39  37   1  10  64   9  11  36   1  48
[3403]   6  59  20   2  40  71  63  90  88  30  39  65  16  35  24  23  62  75  75  19  55
[3424]  80  16  20  65  25  69  52  15  33  38  53  30  49  84  14   7   9  65  58  57  47
[3445]  56  14  39  22  71  46  86 100  42  91 100  64  62  15  33  89   2  57  56   1  59
[3466]  56  10  36  71  80  57  80  57   8  46  52  50 100  59  80  65  64  65  28  16  14
[3487]  97  82  70  35  87  57  29  67  90  49  33  51  36  37  21  47  30  33  23   5  63
[3508]  67  14  28  14  22  32  77  37  17  91  83  82  51   2  72  80  19  22  22  56  31
[3529]  52  75  91  87  69  71  92  28   3  73  59  70  66  45  52  38  91   1  26  74  73
[3550]  76  31  96  79  21  25  31  64  57   8  85  66  62  84   2  57  30  33   6  14 100
[3571]  56  62  84  10  10  39  23  54  25  37  10  45  14  82  38   7  67  51  61  86   2
[3592]  44  97  62   1  42  38  76  72  93  48  59  52   4   7  29  29  49   2  33  44  98
[3613]  74  42  22  47  27  22  64  33  65  18  55  36  81  44   4   3  40  36  14  92  53
[3634]  44  18  50 100  96  80  58  55  72  20  47  32  64  84  13  71  37  61  80  28  24
[3655]  27  80  85  50  18  96  97  86  94  29  96  35  30  14  40  23  93  20  13  85  43
[3676]  21  27  41   4  87  34   7  79  91  59   6  18  28  43  30   1  64  46  11  72  90
[3697]  98   7  77  10  47  68  25  71  52  87  76  11  76  50  30  54  51  15  11  29  32
[3718]  10  99   2  17  26  48  22  45  86  56  73  13  49  75  69  77  11   9   5  97  11
[3739]  86   6  34  50  85  21  57  43  41  65  56  98  94  11  44  56  82  98  34  83  25
[3760]  79  55   9  26  56  39   9  44   4  78  20  38  64  86  86  15  45  55  33  23  48
[3781]  32  70  46  89  12  71  49  56  64  46  10   1  28  17  87   8   8  88  31  74  17
[3802]  41  77  43   8  39  32  85  99  51  91  69   5  71  71  87  92  31   8  38  56  74
[3823]  72  96   8  78  83  83  90   9  24  99  86  60  89   4  66  36  41  84   1  70  17
[3844]  89  48   9  76  37  56  25  56   4  91  54  83  20  62   9  25  47  96  44  32  80
[3865]  46  86  36  66  63  45  29  88  36  67  58  35   7  13  11  72  66  68  99  86  29
[3886]  79  86   8  85  75  81  12  20  40  41  88  98  46  93  22  94  28  43  33  46  79
[3907]  89  77  47  75  98  57  62  16  58  74  10  90  79  58  83  78  18  72   1  23  86
[3928] 100  38   6  34  56  67  24  54  80  78  58   6  69  81  88  64  32   4  84  56  87
[3949]  61  11  14  72  58  87  89  81  86  20  21  40  28  31  55  82  58  47  46  14  74
[3970]  35  84  51  40  62 100  86  29  50  89  85  50  21  65  27  37  98  58  47  90  84
[3991]  80  28   8  61  74  35   1  97  85   3  24  22  74  10   4  51   8  57  37  58  70
[4012] 100  76  47  99  78  99  96  27  60  68  11  19  74  52  31  54  33  63  67  33  89
[4033]  96  12   1  59  48   1   3  92  58  28  39  16   2  92  64  30   9  62  32  59  13
[4054]  93  68  37  57   4  15  47  11  46  90  12  77  71  17  32  48  97  39  57  90  76
[4075]  98  51   5  69  13  96  81   1  33  63  12  41  83  50  55  76  71  39   8  96  30
[4096]  62  64  98  45  30  67  98  10  92   4  18  29  26  99  82  68   8  38  72  26  59
[4117]  79  29  42  40  78  71  75  14  48  71  60  99  10  58   3  51  76  38  61  66   9
[4138]  57  94  43  52  19  23  41  67  63  21  72  79  48  20  64  82  19   4   5  32  23
[4159]   2   1  88  21   9  31  66  88  39  47  45  62  14  12  41  68  42  86   4  58  82
[4180]  17  78  29  63  56   7  96  16  18   8  27  40  18  94  69 100  44  10  41  35  87
[4201]  87  15  36  59  55  33  91  69  85  30  60  43   2  38  67  13  61  92  57  47  53
[4222]  78  93  25  26  28  59  77  61  80  63   2   9  29  16  94  24  40  61  24  43  74
[4243]  52   5  64  91  30  18  23  63  56  34  16  34  55  59   8   2  48  39  84   6 100
[4264]  17  30  71  84  69  37  99  75  75  74  38  13   2  75  59  89  97  19  88  51  15
[4285]  62   9  26  57  82  15  48  76  35  10  58  58  33   1  99   1   7  95  41  15  86
[4306]   9   1  32  30  80  46  15  95  11  60   5  54  90  46  11  41  82  21   1   5  99
[4327]  97  62  63  40  13   9  41  95  81  17  84  46  82  62  78  38  75  89  95  85  89
[4348]  73  86   3  32  10  82  49  80  54  32  14   8  28 100  16  97  74  43  63  38  25
[4369]  28  23  73  84  92  25   1  15  15  79  43  32  73  33   7  70  32  84  81  36   5
[4390]  19  24  39  27  57  32  58  60  35  29  46  85  16  93  80  66  37   3   1  87  54
[4411]  79  97  53  98  45   6  12  51  41  94  30  49  74   1  52  24   9  35  59   2  88
[4432]  12  65  56   7  28  22   7  10  78  33  16  57  44  38  35  53  61  19  62  39  44
[4453]   1   7   7  54  23  52  11  31  90  50   3  55  92  42  32  72  17  79  90  71  42
[4474]  22   8   6  37  77  74  41  57  40  39  98  17  38  52  25  29  79  34  16  41  58
[4495]  13  55  33  18  11  25  78  61  53  85  32  15  44  28   6  75  86   2  44  55  45
[4516]  67   4  55   4  96  48  79  35  64  82  68  95  61  28  33  57  86  99   1  34   7
[4537]  82  68  48  39  92  62  80  50  33  17  25   4  32  33  23  62  93  43  13  74   2
[4558]   9  71  64  36  57  44  57  32  32  31  29  41  59  20  88  67  34  18  51  83  69
[4579]  64  71  22  93  76  32  89  61  11  63 100  50   3  40  88  96   3  83  17  19  95
[4600]  13   2  55  91  65   4  61  10  21  67  29  67  99  29  23  27   4   3   8  88 100
[4621]  35  72  98  55  80  67  84  91   3  45  11   5  13  21  12  91  58  77  90  79  60
[4642]  19  46  64  59  37   9  38  88  12  55  38  51  97  16  42  50   1   6  63  36  88
[4663]  96  93  84  40  74  49  28  26  33  48  91  57  28  54  63  22   1  32  64  32  56
[4684]  30  97  54   1  84  69  92  15  53  41  68  99  35  98  85  55  57  85  46   4   2
[4705]  84  13  49  32  84  33  32 100   3  18   4  68  82  38  31  67  85  37  35  31  67
[4726]  16  28  81  93  65  98  21  48  14  46  55  34  42  60  33  90  40  33  64  28  38
[4747]  39  14  85  89  45  77  31  34  23  13  79  53  37  25  89  38  99  39  53  70  15
[4768]  19  60  92   1  93  18   2  85  39  81  94  69  10  10  73  76  93  66  36  47  32
[4789]  63  28   7  35  11  94  97  94  68  25  84  89  12  56  91  16  79  74  15  23  28
[4810]  35  66  99   2  37  82  91  86  30  85  23  42   1  92  73  67  63  55   3  25  30
[4831]   5  45  85  11  82   5  85  99  69  23 100 100  80  68  47  54  42   4  35  28  88
[4852]  65  25  75  44  23  65  75   3  85  12  57  84  88  99  55  33  59  18  97  10  16
[4873]  74  99  18   1  89  44  72   8  56  26  15  76  44  91   4  27  28   5  20  28  86
[4894]  31  49  91  83  48   9  51  60  61  20  99  21  53  35  42   7  75  29  91  71  53
[4915]  76  19  35   4  17  41  42  53  96  54  60   2  79   8  76  90  48  23   1  17   6
[4936]  67  31  20  66  44  28  43  99  82  68   8  64  66  94  10  99  88  83  56  22  50
[4957]  54  64  27  12  86  12  39  19  87  94  34  27  16 100  70  64  51  17  65  48  99
[4978]  79  48  78  55  78  44  19  45  50  90  86   4  83  48  25   5  37  67  58  33  79
[4999]  16  82
