Parameters for simulation. Weather from davis data. 
 Run type = standard
traits = day temp precip
best.precip has value 10.000000 
best.temp has value 10.000000 
duration has value 10.000000 
N has value 10.000000 
numYears has value 10.000000 
runType has value 10.000000 
 sds= 
$day
[1] 1.825

$temp
[1] 0.225

$precip
[1] 0.5

$cutemp
[1] 45

$cuprecip
[1] 3

$daysq
[1] 666.125

$tempsq
[1] 9.8568

$precipsq
[1] 50

$cutempsq
[1] 1250

$cuprecipsq
[1] 100


 mutrate=
$day
[1] 1

$temp
[1] 1

$precip
[1] 1

$cutemp
[1] 0

$cuprecip
[1] 0

$daysq
[1] 0

$tempsq
[1] 0

$precipsq
[1] 0

$cutempsq
[1] 0

$cuprecipsq
[1] 0


 start=
$day
[1]    1 1095

$temp
[1]   5 135

$precip
[1] 1e-02 3e+02

$cutemp
[1] 0

$cuprecip
[1] 0

$daysq
[1] 0

$tempsq
[1] 0

$precipsq
[1] 0

$cutempsq
[1] 0

$cuprecipsq
[1] 0


 years.index=
   [1]  51  87  28  31  94  47  61   1  98  67   9  42  46   7  51  19  28  89  72  23
  [21]  32  28  73  82  40  85  65  72  31  15 101   1  39  32  59  31 100   2   9  45
  [41]  97  91  31  35 100  40  39  37  42  38  19  88   3  60  79  99  82  71  66  41
  [61]   3  27  15  83  64  20  56  34  35  29  63  46  38  49   7  39  96   8  72  98
  [81]  33  71   6  11  14  96  29  28  67  13  41  63  83  94  62  50  35  54  91  16
 [101]  49  20  56   1  58  41  25  60  12  85  90  99  41   4  74  76  95  90  13  99
 [121]  77  43  29  20  14  25  59  22  38   9  96  33  17  26  69  96  82  96  66  83
 [141]  13  86  55  33  89  74  80   2  41  86  53  85  57  16  17  16  63  26  24  31
 [161]  60  71  85  57  63  33  12  76  12  57  12  64  27  65  84   4  12  32  33  59
 [181]  67  11  59  48   1  33   9  47  42  34   5  97  24  78  43   7  35  80   3  54
 [201]  49  38  34   7  12   4  15  27  95  15  49  49  64  33  69  37  38  58  19  91
 [221]  24  35  71  98  83  80  95  59  95  94  91   9  34  78  99  17  40  36  81  17
 [241]  97  28  65  85  24  11  49  69  20  14   6  13  20   9  19  51  40  88   4  21
 [261]  31  70  21  59  32  34  60  42  41  94   5  19  11  44  85  85   3  81  45  93
 [281]  91  99  80  82  76  25  79   5  30  94  16  33  58   2   8   2  86  97  19   3
 [301]  40  40  21  46  64  84  53  18  20  55  53  69  10  99  80  52  87   6  46  65
 [321]  35  69  94  78  66   7  23 101  36  10  11   6  54  99  24   5  60  83  81  37
 [341]  70  12  18  92  68  28  28  36  34  50  53  44  26  95  52   1  92  74  47  27
 [361]  88  78  36  58  80  70   4  92  40  59  36  87  97  73  31  15  18  71  45   2
 [381]  12   2  72  34  60  39  52  46   7  83  10  16  93  89  78  29 101  15  71  79
 [401]  29  48  95  25  61  55  56  75  36  97  24  95  69  42  38  11  59  86  25  90
 [421]  80  57  85  49  79  51  11  80  47  51  89  24  11   9  25  79  77  16  15  59
 [441]  20  71  99  37   6  85  37  62  96  41  60  57 100  87  78  61  84  50  17  59
 [461]   9  21  26 101  11  59  32  46  44  23  71  42  83  77  29   2   9  81  92  72
 [481]  79  72  33  85  42  82  64  14   4  54  37  50  90  26  12   4  43  58  58  90
 [501]  16  23  69 100  32  77  98  69   7  16  76  35  45  69   8   3  60  79 100  22
 [521]  74  71  19  68  20  71  24  92  53  92  14  20  60  40  45 101 101  86  74  62
 [541]  52  37  82  41  28   2  97  35  28  28  47  53  38  36  63  18  83  17  30  47
 [561]  80  10  52  78 100  14  32  60  48  89  58   8  40  49  91   7  88  64  21  43
 [581]  90  42  88  65  18  53  63   1  60  71  73  12  87  88  63  74  74  58  60  23
 [601]  57  18  45  74  12  45  56  45  59  21  56  81  73  13  96 100  72  42  29  70
 [621]  52   2   4  67  40  98  16  85  93  42  34  33  29  56  97  29  63  58  41  26
 [641]  76  48  82  65  29  37  13  27  25  45  26  44  23  42  51  91  28  78  57  77
 [661]   1  95  58  53  37  11  90   1  20  66  76  76  36  33  97  83  74   2  30  89
 [681]  85  46  65  41   3  60  29  86   2  18  42   5  45  67  56  48  35  12  15  17
 [701]  41   5  52  86  42  24  80  25   2  16  43  95   1  70  23  11  47  84  25  61
 [721]  39  42  29   7  48   4  10  55  35  33  41 101  49  52  75  46  22  10  42  68
 [741]  14  32  46  34  46  97  80  50  28   7  24  61  15  93  60  11  70  71  50  79
 [761]   6  93  24  81  12  65  91  35  31  45  95  14  10  80  54  88  65  45   6  85
 [781]  73  61   8  47  58  76  55  55  44  98  80  95  77  55  88  88  37  12  42  29
 [801]  88   4   1  73  21   8  42  57  22  39  38  66  98  56   7  46  74  18  70   9
 [821]  71  94  50  67  56  11  82  38  11  84  79  25  18  47  33  18  84  94  68   4
 [841]  95  39  69  81  10  12  39   9  39  64  14  13  40  43  31  32   1  92  93 100
 [861]  75  67  59  63  39  79  13  89  12  96  42  10  20  87  86  97  36  41  38  57
 [881]  71  98  69  79  27  72  54  75  41   3  14  68  20  57  69  12  58  46  77  90
 [901]  16 100  98  47  34  64  84  26  24   8  54  54  54  71   8  65  54  20  28  18
 [921]  82 101  30  41  77  88  76  60  78  57  64  45  97  88  48  95  77  93  37  48
 [941]  30  23  70  74  47 100  69   2   8  80  58  90  81  23  87   8  20   2  36  13
 [961]  22  88  23  85  83  76  26  13  98  93  94  59  81 101  75  17  76  93  75  98
 [981]  17 101  50  96  53   7  11  91  45  43  60  70  48  96  76  22  53  77  27  63
