Parameters for simulation. Weather from davis data. 
 Run type = standard
traits = day temp precip cutemp cuprecip
best.precip has value 10.000000 
best.temp has value 10.000000 
duration has value 10.000000 
N has value 10.000000 
numYears has value 10.000000 
runType has value 10.000000 
 sds= 
$day
[1] 3.65

$temp
[1] 0.45

$precip
[1] 1

$cutemp
[1] 90

$cuprecip
[1] 6

$daysq
[1] 1332.25

$tempsq
[1] 19.7136

$precipsq
[1] 100

$cutempsq
[1] 2500

$cuprecipsq
[1] 200


 mutrate=
$day
[1] 0.01

$temp
[1] 0.01

$precip
[1] 0.01

$cutemp
[1] 0.01

$cuprecip
[1] 0.01

$daysq
[1] 0

$tempsq
[1] 0

$precipsq
[1] 0

$cutempsq
[1] 0

$cuprecipsq
[1] 0


 start=
$day
[1]    1 1825

$temp
[1]   5 225

$precip
[1] 1e-02 5e+02

$cutemp
[1]     5 45000

$cuprecip
[1] 1e-02 3e+03

$daysq
[1] 0

$tempsq
[1] 0

$precipsq
[1] 0

$cutempsq
[1] 0

$cuprecipsq
[1] 0


 years.index=
  [1] 35 45 57 65 12 65  8  7 35 67 39 11 39 12  2 31 74 72 65 12 44 10  9 47 56 67 56 44 11 98 74 56  6 84 31 67 43 11  8 74 38 38 11 72 74 44 65  9  8
 [50] 67 38 43 35 72 10 65 31 35 67 67 35 67 45  9 12 57 44 43 57  7 47 74 82 67 10 82 47 38 72 10 65 11 47 84 72 47  8 65 45 65 65 84 98 38 56 45 44 56
 [99] 65 65 39  8 72 10 74 57 39  7 82 35 82 11 82 84 12 57 44  9 57  6 10 98 82 11 31 10 72  2 72 65 67  2 11 57 45 98 10 56 57 31 67 43  7 82 44 35 43
[148]  2  2  9  6  6 67 43 10 39  7  8 72 74 31 12 98 10 72 98  7 38 31 44  9 56 57 39 82  2  6 12 11 45  8 38  9  9 39 56 11 82 56 74  6 39 84 57 10 57
[197]  2 45 72 84 74 31 82 45 67 12 84 45  8 98 74 10 74 56 98 56 35 47 67 43 72 47 74 65 11 31  2 10 43 82 38  2  2 39 43  6 35 82 35 47 35 38 82 10 35
[246] 10 31  6  2  7 74 38  7 11 98 57 57 72 47  8 57 43 67 11 31 56 65 65 72 11 11  8 47 35 10 47  9  9 84 65  6 47 65 10 44 84 39 57 47 38 82 57  2 57
[295] 57 65 45 45 72  7 39  2 47 82 74 31  8 31 10 67  2 35  8 38 65 11 35 39 82 11 47 67 10 72 38 98 10  7 39  2 12 82 98 84 10  9  9 82 31 12 57 74 57
[344] 56 67  7 98  8 57  2 39 82 74 65 45 84  2 56 44 10 44 56 10 11 57 39  2 31 56 10 98 31 74 57  8 45 82 39 44 31  7 47 56 56 65 65 12  7  2 44 67  2
[393] 38  7 74  8 45 35 11 43 12  9 72  7 43 47 38 82 67 31 45 45 44  9 67  9 43 56 56  9  9 11 12  6 82 56 67 65 65  6 12 44  7 31 45 45 44 67  9 11 38
[442] 11 65 82 84 10 10 35 45 74 84 44 57  2 98 45 12 43 82 67 10 47 31 56  7 12 57  6 44 45 10 45 82 65 72  2  6 43 74 35 39 57 67 10  9 39 47 38 10 11
[491] 43  9 12 65  6 38  7 11 47 38
