Parameters for simulation. Weather from davis data. 
 Run type = standard
traits = day
best.precip has value 10.000000 
best.temp has value 10.000000 
duration has value 10.000000 
N has value 10.000000 
numYears has value 10.000000 
runType has value 10.000000 
 sds= 
$day
[1] 3.65

$temp
[1] 0.45

$precip
[1] 1

$cutemp
[1] 90

$cuprecip
[1] 6

$daysq
[1] 1332.25

$tempsq
[1] 19.7136

$precipsq
[1] 100

$cutempsq
[1] 2500

$cuprecipsq
[1] 200


 mutrate=
$day
[1] 0.01

$temp
[1] 0

$precip
[1] 0

$cutemp
[1] 0

$cuprecip
[1] 0

$daysq
[1] 0

$tempsq
[1] 0

$precipsq
[1] 0

$cutempsq
[1] 0

$cuprecipsq
[1] 0


 start=
$day
[1]   1 365

$temp
[1] 0

$precip
[1] 0

$cutemp
[1] 0

$cuprecip
[1] 0

$daysq
[1] 0

$tempsq
[1] 0

$precipsq
[1] 0

$cutempsq
[1] 0

$cuprecipsq
[1] 0


 years.index=
   [1]  56  13  73  74  46  56  30  30  47  38   3  21  19  15  63 100  97  92  34  19  10
  [22]  89  81  62  84  77  86  58  39  24  66  94   4  90  20  79  31  90  35  80  30  59
  [43]  18  63   3  87  88  74  54   7  54   5  92  61  99  80  93  87  47  45  60  25  11
  [64]   1  11  13  23  59  99  75  60  84  28  45  19  18  50  34  82  92 100  64  65   6
  [85]  70  45  74  67  43  76   3  66   2  77  99   6  96  81   5  25  12 100  14  35  65
 [106]  81  93  59  18   9  61  10  98  93  50  95  20  96  59  15  41  74  12  43  34  42
 [127]  19   8  85  87  38  34  60  67   8  59  37  18  40  13  97  37  28  11  69  69  12
 [148]  39   5  65  60 100  62 100  90  37  43  55  74  67  64  94  71  78  10  30  17  51
 [169]  41   4  34  65  71  11  64  44   5  76  73   8   3  21  80  74  66  34  78  39  11
 [190]  25  20  16  92  30  98 100   9  64  79  96   2  11  63  59  74  40  93  82  51  51
 [211]  50  95   5  58  67  28 100  43   3  67  75  80  12  74   1  26  45   8  77   6  39
 [232]  22  10  62   9  29   6  60  60  16  29  69  48  13  20  86  57  22  50   6  40   1
 [253]  68  44  31  57  47  54  48  78  16  22  40  78  69  76  67  14  26   1  80   4   5
 [274]  14  80  90   3  21   5  71  96  65   5  11  67  87  68  19  96  82  99  93  78  41
 [295]  27  25  16  56   8  63  19  14   9  92  96  21  77   2  79  87  90  25  27  70   2
 [316]  42  31  76   2   6  68  64  96  47  64  45   2  92  56  84  15  67  94  48   5  33
 [337]  12  58  28  70  35   4  10  66  50   8  62  54   6 100  35  80  42  68  81  78  78
 [358]  34  51  51  11  44  83  99  85  28  56  33  86  30  22  98  91  82  25  47   1  59
 [379]  28  91  36  18  16  70  25   1   6  99  24  16  53  85  64  80  70  39  89 100  10
 [400]  58  50  89  32   5  91  47   2  70  58  56  50  94  71  44  83  78   7  15  40  86
 [421]  38  98  90  49  56  86  57  63  56  54   9  10  24  35  20  60  43  81  90  62  91
 [442]   8  12  45  83  29  54  48  12  23  43  24  27  84  25  56  42  96  50  64  38  97
 [463]  68  63  92  64  49  26  29  58  59  18  35  55  12  40   8   4  70  52  20  19  14
 [484]  41   2  20  67  49  31   9  24  66  30  22   4  37  99  30  89  12   8  13  43  44
 [505]  70  24  87   9  38  79  38  83  86  88  21   2  73  42  37  60  51  93  37  20  18
 [526]  33  88   1  20  58  75  31  91  12  83  48  79  59  60   3  33  45  14  22  20   5
 [547]  41  12  62  22  33  58  90  85  22  41  16  44  88  92  86  64   8  16   4   8  88
 [568]  43  80  22  61  73  73  25  90  68  36  11  26   5  13  31  83  17  33  91  21  88
 [589]  66  24  49  63  81  27  48  17  51  63  16  71  57  86   8  53  76  87  79   7  12
 [610]   8  96  31  53  45  26  67  84  17  68  52  49  35  39  12  81  91  86  63  25   7
 [631]  52  84  68  45  19  28  81  41  21  78  22  92  70  45  13  31  88  11  39  15  58
 [652]   4   3  31   4  54  20   5  53  63  36  85  51  32  22  98  14   1  27  68  22  12
 [673]  81  28  77  77  87   7  82  38  80  43  27   4  17  23  13  70  87  83  18  44  28
 [694]  21  46  74  99  32  30  39  30  25   3  14  97  13  78  61  34  85  47  97  80  71
 [715]  76  65  65  27  93   8  20  61  49  77  12  97  82  66  85  84  14  33  54   2   6
 [736]  62   9  41  41  47  85  78  77  77  66  52  92  55  38  51   4  96  54  13  97   6
 [757]  64  98  92   1  33   5  38  56 100  68  35   4  63  12  74  53  85  61  76  68  55
 [778]  25   2  48  77  31  81  64  71  35   7  61  50  29  77  22  75   4  73  66  44  17
 [799]  95  75  44  28 100  61  76   3  17  15  64  33  82  10   3  89  82  50  72  97  94
 [820]  75  10   5  20  92  44  49  78  46  76  38  43  18  73  57  50  51  37  36  69  27
 [841]  23  68  71  43  12  71  47  54  62  56  75  89  60  57  28  95  74   4  26  77  80
 [862]  42  31  92  62  74  86  49  85  71  20  46  93  88  17  90  91  59  94  13   1  38
 [883]  99  26   8   8  50  60  69  51  20  73  47  51  90   6  46  12  71  69  82  57  80
 [904]  35  65  65   5  46  87  51  81  89  37  11  31  72  50  37  80  43   5  99  78  45
 [925]  80 100  77  63  70  77  16  63  81  87   8  31  31  72  82  74  77  49  10  79  79
 [946]  15  95  71  58  74  76   2  13  41  55  62  91  98  49   6  58  67  87  47  65  37
 [967]  78  87  65  98  21 100  10   2  13  58  63  44  54   6  65  85  85  22  34  64  44
 [988]  39  50  49  30  13  34  51  39  50  36  72  49  17  11  53  68  33  19  84  99  96
[1009]  90  86  65   2  58  88   5   6  47   6  91  69  28  35  71  14  30  14  29  39  12
[1030]   2  98  47 100  75  45  28  52  76  22  12  44  56  44  48  42  64  71  32  78  45
[1051]  45   9  33  64  92  86  96   8  92  95  22  13  20  61  14  95  86  60  53  38   5
[1072]  93   4  71  74  40  59  34  67  77  67  51  74  46  80  48  55   5  67  61  85  42
[1093]   7  78  90  40  65  60  46  36   6  76  93  13  64   2  40  58   5  97  65  99  80
[1114]  57  52  59   2  57  64  17  66  21  29  49  89  59  96  66  18  29  94  58  19  46
[1135]  88  30  87  38  34  53   4  35  66  97  80   9  27  64  35  59  11   1  94  91  44
[1156]   5  95  24  39   9  31  34  38  37  91  38  94  30  32  35  73  64  69  88  46  19
[1177]  30  75  44  49  22  94  61  58  88  52  66  77   9  33   6  49  11  26  48 100  43
[1198]  36 100   5  44  61  61  12  57  89  83  27  20  34  72  77  70  38  89  11  59  10
[1219]  78  31  42  14  93  54  60  99  77  26  72  94  40  45  40  86   2  20  11  42  70
[1240]  89  32  15  14  91  38  96  87  78  97  55  22  29  16  15  86  35  20  51  43  36
[1261]  67  76  54  43  14  46   6  45  67  80  44  59  37  58   3  82  38  79   1  68  94
[1282]  38  48  15  55  17  67  87   5  12  82  58  92  75   9  62  61  60 100  26  45  80
[1303]  20  24  95  57   2  70  95  31  47  20  22  97  40 100  54   7  97  13  36  61  98
[1324]  84  80  14   7  30  94  40  90  44  68  31  68  48  11  29  43  18  81  60  54  50
[1345]  11  19  27  33   2  11  48  88  95  57  42  99   7  50  67  24  77  78  70  20  22
[1366]  97  14  76  36  57  54  95  81  26  16  88  35  60  26   5  12  40  83  22  58   5
[1387]  26  78  95  28  59  84  71   6  84 100  14  67  74  53  28   8  85  73  46 100  41
[1408]  82  96   2   9  11  13  60  89  32  42  55  40  73   2  52  98  54  16  11  30  10
[1429]  15   9  65  95  16  14  70   3  53  51  94  76  49  50  29  27  55  36  71  94  18
[1450]  72  85  18  93  55  64   9  33  84  57  30  81   9  16  39   2   3  91  69  24  58
[1471]  83  94  22  43  95  34  59  97  75  98  86   2  70  62  96  50  47  49  80  30  45
[1492]   7  29  75  22   4  32  53  77   6  42   9  12   6  92  30  19  94  46  77  16  59
[1513]  91  82  82  89  56   4  99   4  50   7  63  80   1  55  87  59  56  93  16   6  90
[1534]  64  55  35  34  21  51  84  84  39  18  63  63  37  62  35  42  77   2  33  66  23
[1555]  29  58  11  30  87   1  29  24  58  27  44  89  22  74  16  80  82  57  18  15  33
[1576]  44  79  29  60  82  65  48  91  19  30  61   6   6  64  61  60  22  44  15   3  13
[1597]  36  10  81  65  32  89  17  38  37  37  38  51   4  58  46  67  79  85  97  90  13
[1618]  65  28  48  14  41  94   7  99   5  56  68  99  15  57   9  36  34  51  56  23   6
[1639]   8  28  23  29  71  23  80  84  61  26  50  95  25  29  73  99  29  76  19  64   9
[1660]   1  71  73  43  37  41 100  94   2  80  60  14  44  41  60  98  28  26  44  88  12
[1681]  66  67  25  60  22  15  72  73  59  60  15  68  73  11  90  47  85   5  45   4  97
[1702]  36  45  32  81   5  44  53  45  51  54  23  97  56  69  38  94   8  65  45  42  86
[1723]  31  53  31  16  65  38  27  24   5   7  62  15  68  34  58  26  83  63  59  57  68
[1744]  68  67   1   4  29  24  94  80  58  11  62  10   3   1  79  82  35  44  90  33   1
[1765]  94  73  99  53  73  45  83  85  98  70  78  39  19   5  61  67  77  64  91  79  65
[1786]  60  85  20  52  81  47  79  45   9  27  83  56  79  14  35  25  47  53  42  34  12
[1807]  19   7  70  11   6  65  80  75  80  66  93  75   7  21  56  68  20  29   8  40  21
[1828]  46  59  82 100  80  81  97  54  24  83  42  69  91  49  60  71  85  93   6  39  43
[1849]  56  55  75  83  71   2  86  82   3  52  16  33  11   4  21  63  24  21  79   2  40
[1870]  27  99   6  99  29  15  10  55  20  65  91  12  81  61  96  12  36  48   3  38  15
[1891]  53  27  64  66   3  12  74   3  62  27  33  52  22  24   4  13 100  38  59  56  93
[1912]  39  31  17  23  46  51   1  80  59  54  75  70  57  77  63  63  11  97  31  54  37
[1933]  13  96  39  57  93  11  43  92  88  75  75  69  56  41  40  49  31  76  11  11  60
[1954]  12   3   9  96  46  59  12  81  89   1  15  90  18 100  11  21  77  64  86  17  92
[1975]  22  82  65  12  18  55  18   1  81  24   5 100  36  35  41   7  64  18  70  73  85
[1996]  74  14  97  10   9  25  97  95  99  66  37  21  75  51  93  98  53  35  39  46  81
[2017]  53  23  97  53   6  94  96  61  88  65  50  43  80  21  42  69   7  76  13  29  89
[2038]  89   6  45  10  15  58  83  38  18  42  65  15  57  34  84  69  31  92  49  33  68
[2059]  98  55  86  52 100  33  80  57  18  10  19  78  88  53  10  20  30  92  70  90  53
[2080]  56  46  72  11  91  55   6  45   4  70  95  76  39  71  42  27  21  49   3  66  60
[2101]   8  65  81  51  30  97  23  48  44   2  88  11  65  66  67  52  79  80  90  64  17
[2122]  81  52  51  51  56  97  30  43  17  44  55  37  59   7   1  64  57  32  41  19  98
[2143]  38  52  21  91  44  79 100  27  92  28   3  31   3  30   3   2  64  90  47  99  62
[2164]   2  23  67  41  36  25  57  58  57  97  90  26  24  55  96  69  20 100  82  22  57
[2185]  31  27  77  39  64  53  79  57  72  21  17  87  71  58  38  60  84   8  78   3  39
[2206]  95  76  12  90  84   7   9  33  48  94  89  40  93  25   2  94  40  15  73  46  32
[2227]  55  47  25  68  26  63  75  44  36  34  29  36  92  65  23  27  84   1  45  30  58
[2248]  37  30  24  86  39  67  80  97  73   4  51  56  18  30  32  58  58  57   1  70   7
[2269]  36  88  13  22  76  31  45  88  44  92  30  89  11  43  77  69  55  85  44  77  84
[2290]  69  52  20  75  58  89  48  24  24  50  89  22  15  52  17  19  89  41  53  21  25
[2311]  89  14  34  39  13  42  65  26  29   4  52 100  42  62  27  86  23  96  80  19  57
[2332]  51  98  80  67  80  30  78  19  10   4  17  64  98   7  30  52 100  73  18  69  92
[2353]  65  44  46  43  93  95  85  37  18  42  81  43  21  84  19  60  76   8  42  86  29
[2374]  77  55  37  25   8  94  90  82  63  99  61  20  65  19   7  67  95  34  13   9  93
[2395]   6  33  75  56  56  47  29  49   7   7  92  23  62  75  33  75  70   5  11  57  51
[2416]  57  23  49  56  24  81  25  97  22  26  58   3  57  54  18  86  80  62  10  75  94
[2437]  83  11   1  98  93  15  19  63  36  94  78  85   7  19  43  27  64  18   7  45   4
[2458]   7  61  74  56  28  90  99   8   9  57  77  95  41  98  40  96  88  15  44  22  91
[2479]  65  99  46  33  22  12  48  19   2  75  24  93  88  91  16  46   7  18   4  64  29
[2500]  64  12  99  85  95  68  86  53  83  12  89  70   6  86  12  11  33  61  83  83  81
[2521]  91   1  67  19  17 100  44  98  77  58  91  10  36  36  19  53   9  11   5  79  44
[2542]  11  20  88   6  17  84  78   7  34  10   2  25  43  13  13  86  14  48  58  27  44
[2563]  84 100 100  27  81  80  85  50  92  87  49  46  88  13  96  51 100  58  60  20   8
[2584]  58  21   4  63  63  71  73  71  44  33   7  35  54  36  70  24  97  71   9  24  30
[2605]  99  61  50   7  30  94  98  87  36   1  56  22  55  25  98   2  61  22  31  87  29
[2626]  99  87 100  99  20  82  51  56  95  86  16  16  36  72  67  80  21 100  88  81  78
[2647]  89 100  14  40  31 100  61  96  70  90  60  35  51  36  83  51  40  18  61  70  59
[2668]  23  66  43  86  35   3  85  73 100  84  80  55  67  22  29   3  11  71   2  89  75
[2689]  59  80  83  70  36  25  87  23  73 100  99  29  45  26  60  86   5  66  22  53  97
[2710]   1  98  67  94  46  79  19  38  84  87  67  22  17  87  73  82  31  63  60  46  15
[2731]   3  65  24  27  71  65  12  48  85  55  38  61  88  91  88  32  95  59  12   4  94
[2752]  15  14  62  37  64  17  11  38 100  20  95  16  76  71  17  11  32  57  94   8  59
[2773]  75  88  82  55  91   5  97  80  73  63  28  73  30  52  49  28  24  48  38  36  14
[2794]  93  26  25  74  34  75   1  38  35  94  67  14  87  89  22  94  51  38   7  74  88
[2815]  54  48   8  17  92  47  10  52  40   6  21  11  66  25  41  11  44   7  50  24  62
[2836]  90  32  73  83  57  21  57  99  50  63  61  92  41  87   5  44  61  48  93  13  33
[2857]  57  49  72  22  19  39  32  22  97  79  25  63  55  70  47  73  50  90   2   3  17
[2878]  42  63  55  46  27  61  16  74   2  26  71  10  63  93  12   7  59  70  18  38  88
[2899]  95  87   6  85  91  50   1 100  74  41  96  47  27  35  78  67   9  28  18  86  62
[2920]  48  46   4  60  84  84  11   7  88  80  14  35  75  61  50  35  30  85  83  70  74
[2941]  74  54  64  26  37  37  75  66  24  21  58  37  15  77  64  69  43  35  26  13  70
[2962]  80  95  11   3  37  85  77  18  21  70  86  67  49  48  63  50  74  57  63  61  34
[2983]  22  74  18   3  88  13  31  30  10  86  52  34  98  50  84  18  10  55  67  13  11
[3004]  56   7  59  81  74  78  50  68  17  29  77  26  12  63  86  68  41  58  70  67  55
[3025]  63   8  52  17  13  13   7   8  11   4  68   4  62  53  58  99  61  54  30  66   2
[3046]  23  38  79  66  67  99  71  57  55  35  22  56  86  71   2  17  28  69  33   6  86
[3067]  81  54  41  24  84  80  17  42  30  45  72   4  85  92   7  54  67  96  23  50  24
[3088]  78  41  13  74  78  94  69  95  18  91  69  19  36  57  56  69  53  69  42  90  11
[3109]  82  80  57  90  91  53  45  72  96  35  29  56  29  23  56  52  47  26  42  50  16
[3130]  66  22 100  89  92  65  38  76  73  36  57  40  14  42  15  14  48  40   2  74  47
[3151]  49  30  27  23  15  51  27  97  69  17  30  88  91  95  62  65   2  57  90   5  73
[3172]  39   3  93  89  82  46  63  51  46  67  54  86  11  26  71  76  97   8  15  64   1
[3193]   6  34  51  65  77  65  60  34  85   4  33   6  61  11  23  87   3  94  66  48   7
[3214]  33   9  26  51  95  15  66  91  53  38  42  97  49  32  55   7  17  67  83  94  61
[3235]  97  44  48  82  81  76  59  41  24  53  42  55  40  85  23  14   8   1  60  44  97
[3256]  42  24   1  44  56  64  25  97  88  75   5  30  92  95   4  61   2  79  89  84  52
[3277]  51  98   1   1   8  63  93  71  15  24  22  72  11  34  44  75  66  41  32  21   6
[3298]  46  37  11   4  98  48  50  30 100  92  60  87  79  65  50   3  51  99  44  35  91
[3319]  93  70  93  58  48  26  83  58  58  20  99  67  21  72  84  94  50  90  62  67  70
[3340]  47  12   7  20  56  92  21   2   7  91  14  16  46  79  11   1  86  58 100  60  62
[3361]  45  38  33  55  53  88  70   3  10  29  58  39  84  16  20  24   5  32  48  50  24
[3382]  77  40  34  51  47   3  35   1 100  87  71  29  64  77  30  48  84   1  67  98  18
[3403]  52  81  73  91  27  31  41  97  38  84  13  24  36  86  82  63  71  63  31  10  80
[3424]  82  37  24  72   3  84  66  38  50  73  99  31   9  14  63 100  46  98  62  68  44
[3445]  47  48  81  96  11  52  91  77  46  29  98  61  18  25  47  90   7   1  65  52  51
[3466]  65  46  80  80  84  56  16  47  80  23  70  50  37  60  44  78  70   1  50  38  40
[3487]  91  46  90   8  46  73  32   8  10  24  74  99  87  99  81  28   8  75  35  58  90
[3508]  50  52 100  98  39  65  30  28  71  67  52  39  24  46  80   7  68  91  86  96  96
[3529]  46  27  39  24  40  77  37  18  27  54  69  18  97  51  39  44   4  15  96  98  95
[3550]   1  49  88  15  35  91  60  28  48  58  58  80  46  96  27  39  26  54  93  19  59
[3571]  13  81  80  72  71  79  77   3  13  81  43  83  62  88  41  13  19   8  95  33  53
[3592]  17  69   9  61  43  20  13  71  90  38  26  75  39  54  46  62  91  48  78  60  66
[3613]  52  89  17  53  15  21   7  86  33  39  19  86   7  69  86  41  93  51  41   3  12
[3634]  20  69  37   2  60  74  28  34  74  19  81  18  84  96   4  21  15  59  66  47  14
[3655]  77  44  99  11  10  21  24  68  94  13   6  87  23  73  38   9  64  91  85  82  44
[3676]  27  75  22  69  53  76  41  17  71  37  25  18  74  27  70  80  27  60  95  63  71
[3697]  79  87  87   4  70  32  99  48  35  72  90  18  16  67  65  72  69  61  86  72  64
[3718]  63  78  98  15  74  42  49  88  96  77  98   6  33  26  58  71  88  27  92  94  17
[3739]  28  93  64  33  94  60  35   2   2  82  39  21   7   1  96  86  99  97  12  72  35
[3760]  46  93  31  40   9  72  76  81  81   5  81  94  25  75  75  25  58   2  62  58  87
[3781]  79  42  59  24  23  94  40  57  18  92  29  24  93  31  91  11  23  39  98  60  48
[3802]  53  94   9  76  36  29  22  93  18   3  27   1  40  62  66  35  49  60  10  22  61
[3823]  87  93  57  58  50  62  98  76  82  85  84  91  67  46  28  26  39  12  97  26  99
[3844]  38  39  29  97  36  14  68  92  76  37  57  63  30  82   6  45  64  60  60  91  25
[3865]  62  72  58  51  30  39  40  55  79  55  89  39  23  55  79  32  67  10  86  84  32
[3886]  44  25  81  16  85  94  75   2  34  47  50  41  36  65  72  54  70  27  12  46  31
[3907]  26  17  33  79   1  72  99  16  22  72  80  38  91  87  94  97  86  44   7  81  16
[3928]  43  80  38  15  85   3  21  51  31  92  20  34  41  49  42  48  20  31  19  89  21
[3949]  33  69  55  69  70  56  60 100  24   5  21  52  58  82  34  39  32  68  81  16  36
[3970]  44  27  22  13  54  95  94  54   2  71  54  65  99  40 100  41  37  44  67  47  20
[3991]  44  14  55  95  17  78  44  98  70   4  77  58  64  41  49  49  50  37  81  97  51
[4012]  28  76   9  37  28   4  14  33   3  91  56  51  69  84  26  63  57  79  27  61  53
[4033]  86   5  16  75  20  34  40  64  20  99  75   9  65  12  12  21  17  28 100  75  98
[4054]  81  72  55  72  59  80  18  45  18  20  60  29  87  25  65  73  45  31  83  24  35
[4075]  27  44  62  68  88  69  62  93  39  86   5  41  36  47  98  89   8  79  11  77  45
[4096]  62   3  55  53  66  65  46   8  91  24  38  52  89  73  61 100   6  75  63  92  23
[4117]  77  60  42  54  37  17  22  59  67   9  66  34  42  21  35  10  49  99  73  54  28
[4138]  36  92   1  68  46   1  27  43  63  16  21  47  37   3  45  32  66  84  33   9  14
[4159]  15  47  44  97  47  45  72  83   4  65  53  45  99  95  14  28   2  86  46  15  67
[4180]  38  62  93  87  62  34  70  48  18  33  76  32  74  12  70   3  13   9  16  71  87
[4201]  48  92  51  63  30  93  87  75  61  28  95  32  39  26  99  49  19  49  68  29  39
[4222]  72  60  34  49  92  27  55  81  96  20  35  13   3  90  68  74  14  71  32  44   2
[4243]  82  98  83  88  68  53  14  60  62  52  92   5  44  47  85  13  17  78  24  60  49
[4264]  29  36  55  65   6  44   8  40  44  59  35  86  97  37   3  18  57  87  59  32   9
[4285]  87  71  59  27  40  28  68  17  15  63  61  94  22  91  91  39  50  64  46  49   2
[4306]   8  69  41  79  35  57  86  43  63  69  95  49  69  59  55  84  25   3  23  76  95
[4327]  87  39  18   8  69  68  28  63  97  79  17   7  75  41  69  71  73   3  80  46  42
[4348]  33  86  21  92  57  18  30  67  82  89  88  62  23   1  54  53  89  59  77  83  95
[4369]  57  89  12   5  84   8  84  95  84  93  87  16  57  43  74  70  70  30  39  24  24
[4390]  26  52   6  61  35  97  53  83  52  94  70   3  85  22  68  17  80  45  30  76  73
[4411]  81  79  16  22  96  68  55  11  87   8  87  97  78  95  52  59  70   5  16  78  72
[4432]  84  80  92  64  83  16  26  70  34  65  44  73  67  46  85  32   1  40  59  58  13
[4453]  12  29  65  24 100  92  43   7  70  82  81  45  74   6  81  19  58   9  26  19  18
[4474]  77  40  49  12  91  12  70  31  57  83  62  82   9  58  28  91  49  56  66  39  38
[4495]  64  84  17  93  66  31  69  69  64   2  88   2  22  76   4   7  48  52  88  57  69
[4516]  82  12  29   4  65  34  63   7  27  72  25   3   1  73  72  10  87  66  73  46   9
[4537]  90  67  86  33  30  73  95 100  94  79  90  66  45  23  36  32  42  50  16  77  44
[4558]  49  49  73   9  20  51  66  47  84   1  91   6  42  63  95  82  16  86  27  42  37
[4579]  19  35  90  97  61  85  66  39  66  78  78  85  48  23  47  35  17  78  87  21  85
[4600]   9 100  30  69  35  42  32  26  57  23  87   3  55  10  99  93  50  28  19   5  53
[4621]  93  76  94  96   4  46  56  93  22  39  70  24   5  16  86  50  68  43   3  49  96
[4642]  24  47  33  87  46  75  15  32  84  33   5   6  22  99  54  75  57  39  37  76  32
[4663]  42  98  69  28  44  29  59  69  81  36  16  51  11   5  87  71  23  43   9  41  30
[4684]  34  36  26  85   9  91  34  56  43  11  45  37  32  75  67  39  94  67  17  63 100
[4705]   5  75  96  35  27  63  15  57  61  97  69  70  20  99  42  76  94  55   5  80   8
[4726]  87  20  78  23  44  49  58   9  40  98  17  32  17   3  48  81  52  34  94  29  51
[4747]  62  15  90  47  62  51  36  58  29  16   1  83  10  77  36  83  34  76  52  81   2
[4768]  81   6  38   7  10  86  44  25  95   5  86  51  96  10  28  86  36  52  22  76  48
[4789]  72  87  22   9  14  43  33  81  97  38  18  97  10  71  41  91  13  73   1  58  63
[4810]  80  93  73  60  38  87  13  81  30  71   5  10  51  10   6  43  50  15  88  22  27
[4831]  13  79  33  62  14  10  87  84   7  29  60  31  79  38  32  64  64  15   1  16  78
[4852]   6  84  55  47  14  77  12  38  30  55  86  66  83  23  83  98  98  55  37  55  77
[4873]  86  73  71  98  14  18  44  97  65   5  80  48  23  18  77   5  61  51  91  31  57
[4894]  62  73  73  71  26  37  29  27  14  45   6   8  63  28  94  82  15  94  13  34  52
[4915]   3  27  54  14  94  79  48   9  26  19  45  66  66  29  49  37  68  18  49  21  64
[4936]  72  35   4  36  87  57  48  30  82  46  65  24  31  67  94   8  87  57  12  80  77
[4957]  29  61  35  12  19  29  15  14  60  15  22  96  60   8  75  10   2  51  43  95  92
[4978]  32  71  47  98  77  56  29  82  22  61  30  77  67  30  57  56  26  39  35  46  41
[4999]  21  38
