Parameters for simulation. Weather from davis data. 
 Run type = standard
traits = day
best.precip has value 10.000000 
best.temp has value 10.000000 
duration has value 10.000000 
N has value 10.000000 
numYears has value 10.000000 
runType has value 10.000000 
 sds= 
$day
[1] 3.65

$temp
[1] 0.45

$precip
[1] 1

$cutemp
[1] 90

$cuprecip
[1] 6

$daysq
[1] 1332.25

$tempsq
[1] 19.7136

$precipsq
[1] 100

$cutempsq
[1] 2500

$cuprecipsq
[1] 200


 mutrate=
$day
[1] 0.01

$temp
[1] 0

$precip
[1] 0

$cutemp
[1] 0

$cuprecip
[1] 0

$daysq
[1] 0

$tempsq
[1] 0

$precipsq
[1] 0

$cutempsq
[1] 0

$cuprecipsq
[1] 0


 start=
$day
[1]   1 365

$temp
[1] 0

$precip
[1] 0

$cutemp
[1] 0

$cuprecip
[1] 0

$daysq
[1] 0

$tempsq
[1] 0

$precipsq
[1] 0

$cutempsq
[1] 0

$cuprecipsq
[1] 0


 years.index=
   [1]   5  99  24  91  68  75  64   3   1  31  99  20  91  49  67  82   5  51  79  62  35
  [22]  39  94  94   4  10  39   8  59  94  90  82  84  81  44  39  69  20  30  11  96  62
  [43]  48  91  23  57  96  31  62  42  78  28   9  65 100  62  49  51  24  11  18 100  79
  [64]  57  41  93  88 100  53  19  79   6  74  37  68  38  74   8  84  63  52  81  43  56
  [85]  79  81   7  73  96  46  82  56  22  27  27  19 100  15  67  28  73  81  73  24   6
 [106]  24  93  27  20  46  77  64  25  43  73  79  40   5  40  65  89  28  74   7  67  70
 [127]  88  74  52  50  25   9   3  37  49  20  10  14   6  80  40  84  94  86   3  25  83
 [148]  10  46  68  53  59  69  94  30  73  92  81  72  95  12  75  91  88  58  19  99 100
 [169]  35  17  55   3  21  58  35  62  50  12   4  40  92  18  35  41  14  21  46  22  32
 [190]  37  72  83  14  11  77  29  75  93  47  87  43  56  37  12  90  56  78  32  11  80
 [211]  17  31  47  91  76  91  95  79  52  27  14   5   9  62  96  91   8  60  92  89   6
 [232]  41  78  56  87  30  41  41  95  89  74  57  99  74  73   8  17  57  99  30  98  64
 [253]  32  32  36  75  82  76  16  75  40  79  83  92   4  61  42  70  77  16  39  87  52
 [274]  89  86  24   6  93  77  44  55  94  93   3  29  43  78  87  57  55  81  91 100   2
 [295]  24  31  15  58   9  84  27  48  98  73  96  12  15  86  15  88  23  29  49  13  66
 [316]  15  74  80  55  75  68  59  50  38   5  59  69  79  69  81  79  79  49  34  61  77
 [337]  82  15  78  58   5  72  10  33  34  96  67  16  17  45  89  14  85  57  58  84   2
 [358]  44  78  94  20  48  86  94  61  68  85  38  63   2  10  85  34  66  46   3  64  95
 [379]  70  72   8  91  81   3  80  74  21  33  60  32  48  37   8  92  11  84  34  73  53
 [400]  76  17  96  41  32   4  24   6  57   5  66  11  93  23  41  33  32  33  15  92  73
 [421]  37  69  91  51  69  58  82  97  35  16  63   3  83  58  44  51  76  78  57  55   9
 [442]  95  28   5  29  75  84  64  41  63  14  28  35   1   1  33   1  52  52  90  27  11
 [463]   5  67  12  23  86  69   8  32  64  59  73  48  95  41  36   1  94  36  86  19  31
 [484]  95  49  96   4  76  25  18  85  71  52  62  53  31  95  37  29   8  19  23  25  14
 [505]  47  47  90  66  38   5  14  83  57  44  83  58  55  10  96  23  89  81  63  96  24
 [526]  66  81   7  20   7  80  40  88  17  15  20  57  32  34  80  18  16  94  46  41  79
 [547]  10  15   7  59  47   2  91  35  49  92  40  98  26  64  67  34  98  54  67  13  87
 [568]  55   6  12  60  55  80  79  14  76  92   7  42  76  54  62  61  22  30  47  36  35
 [589]   3  23  16  84  83  85  54  92  17  12  91  39  46  88  99  48  53  75  79  82  69
 [610]  19  66  13  12  94  58  98  25  32  89  97  85   7  74  25  16  73  19  53 100  83
 [631]  54  54  26  21   6  73  40  71  91  55  14   5  98  11  63  79  40  40  51   8  88
 [652]  56  44  38  75  83  47  36  85  25  55  84  16  26  22  35  46   1  80  21  77  37
 [673]  97  23  54  16  73  26  96  44  69  14  78  19   5   3  33  76  70  54  97  38  22
 [694]  21  12  17  33 100  26  62  88  51  22   4  42  55  69  29  58  21  22  77  14  29
 [715]  10  61   1  26  79  26  10  14   6  73  91   9  57  33  22  27  73  18   5  85  69
 [736]  97  61   6  25  50  46  27  20   4  84  20  64  27  99  67  70  95  36  50  32  54
 [757]  50  52  13  83  18  92  19  65  55  21  29  88  63  92  59  25  90  36  44  95  79
 [778]  52  83  22  24  37   6  74  34  36   5  20   7  16  48  40  73  27  89  20  46  78
 [799]  36  95  77  45   5  39  82  52  50  57  45  57  46   5  70   1  44   2   6  69  77
 [820]  34  96  22 100   9  27  28  27  58  13  16   5  21  99  68   2  76  29  36  27  65
 [841]  67  91  95  45   9   3  17  19  95  50  28  76   2  53  28  40  36  53  26  19  60
 [862]  75  97  63  29  34  75   3  94  54  28  16   4  16  14  23  31  17  49   3  78  85
 [883]  78  14  21   3  85  41  22  52  83  25  74  93  51  13  60  54  35  28  12  24  46
 [904]  27  14  45  63  63  90  53  91  41  53  81  83  14  87  40  62  77  49  46  32  67
 [925]  82  78  49  34  79  15  29  93  83   2  88  76  79  82  31  68  19  73  63  55  60
 [946]  12  38  58  88  69  86  59  27  75  99  94   3  58  40  48  46   7  71  79  54  94
 [967] 100  41  95  60   9  42  87  13  15  67  31  77  56  10  39   9  68  40  68   8  93
 [988]  88  60  54  53  35  82  74   9  60  31  47  34  14  86  21  72  82  93  98  74  33
[1009]  33  99  97  55  27  96  71  62  84  40  76  62  84  26  31  80  89  93  21  58  71
[1030]  74  33  10  81  42  98  40  14  97  78  29  77  91  33  91  99  32  86  12  20   1
[1051]  66  58  68  46  50  56  40  69   5   3   6  77  55  74  39  10  82   9  63  89  39
[1072]  82  98  62  92  95  52   8  94  88   6  15  68  40  63 100  78   2  72  27  69  29
[1093]  85  53  58  10   5  15  74  63  46   9  12  19  50  99  26  66  34   1  31   7  76
[1114]  23  37  20  54  68  47  34  66  76  37  92  62  55  43  72  80  19  72  74  56  54
[1135]  59  90  11  29  76  98  80  26  79  32   7  33   4  67  54  22  15   6  60  76   8
[1156]  96  88  94  66  53  52  12  33  21   7  68  86 100  80  16  55  62  67  79  35 100
[1177]  20  86  45  38  69  54  27  42  95  18  79  80  82  85  78   9  10  10  38  70  80
[1198]  67  20  54  40  33  34  33  54  88  70  17  18  59  99  88  61   5  48  30  36  76
[1219]  44  86  70  81  76  50  37  99  83  32  26  60   4   2  24  95  21  33  69  27  62
[1240]  82  93  91  67  85  93  16  33  29  68  20  71  34  38  20  18  26  92  31   7  48
[1261]   3  81  96  89  87  14  34  25  81  23  16  24  24  96  10  55  58  25  43  29  96
[1282]  45  37  13 100   2  36  60  13  60  62  44  38  22  55  98  38  94  81  38  11  51
[1303]  88  19  97  16  80   4  39  41  28  18  59  72  42  95   7  65  71  13  81  54  21
[1324]  96  83   8   4  31 100  93  37  49  45  87  58  27  74  11  22 100  88  66  89  89
[1345]  24  12  84  85  64  35  83  31   5  23  90   6  10  83   7  60  56  34  53  45  92
[1366]  98   8  64  42  43   1  37  55  33  56  39  96   8  71  44  74  40  39  90  60  58
[1387]  33  21   2  90  67  61  59  80  57  84  60  99  66  34  37  12  55  70  52  64  79
[1408]  44  56  65  91   1  56  16  71  28  66  59  41  43   8   8  35   3  75  71  62   4
[1429]  91  28  47  18  26  29  52  33   3  92   3  99  62  94  78  24  12  33  34  75  88
[1450]  29  76  25  73  52  95  62  46  26  91  23  49  91 100  41  23  92  82  69  28  44
[1471]  42  57  31  48  91  32  16  83  24  96  86  20  86  34  38  12  84  33  13  32  22
[1492]  71  42  89   7  66  27  31  74  48  76  98  35  87  32  86   6  23  70  80  59  43
[1513]   7  36  17  32  89  33  23  67  49  18  26  67  42  99   2  90  13  21  66   5  35
[1534]  97  87  19  80  79  91  92  82  43   1  88  46  62  52  35  98  12  42  12  28  63
[1555]  31  29  14  46  18  87  35  96  46  85   1   8  93 100   7  37  39  44   4  78  92
[1576]  46  56   8  50  28  83  14  36  93  83  53  71  88  19  63  29  87   9 100  34  96
[1597]  85  77  71  89   1  17  49  54  20  55  87  16  43  26  20  97   1  53  19  81  90
[1618]  31  71  11   9  65  65  31  21  83  92  99  66  43  55  62  18  73  59  62  23  52
[1639]  25  12  77  53  52  56  57  36  73  70  88  39  96  81  52  25  55  83  29  71  63
[1660]  35   4  45  11  29  36  85  49  31  14   1  75  27  40   5  87  45  91  46  90  83
[1681]  24  68  81  91  97  64  71  19  45  54  10  66  65  99  92   2  68  24  70  92  16
[1702]  87  48  94  62  95  85  16  86  81  64   1  86  34  12  39  45  19  11  83  94  53
[1723]  46  90  53  40  22  61   5  74  87  15  34  42  47  24  29  70  42  58  85   6   4
[1744]  49  84  95  35  25  31  31  81  26  84  62  79  46  27  42  86   5  29  66  46  24
[1765]  45  58  41  34  60  11  25  48  58   5   8   9  83  89  57  21  64  33  66  91  69
[1786]  13  64  22  80  96  57  86  92  19  30  27  46  61  42  38  55  91  64  40  60  12
[1807]  49  57  65  77  12   1  14  38  50   1   1   8  65  59  42  19  12  13  99  86  41
[1828]  87 100   5  80  21   1  26  50  96  70   7  52  29  27  35  98  26  62  16  15  37
[1849]  99  36   9  22  34  92  94  84  86  43  96  31  10  50  67  75   3  57  73  95  91
[1870]  18  82  14  76  15  83  34  69   1  55  78  75  45  78  17  57  72  59 100  92  21
[1891]  35  39  88  54  83  70  62   1  39  52  75  86  46  37  83  17  29   8  92  50  15
[1912]  24  46  41  87  14  97   7  70   6  97  48  95  52  75  89  47  93  15  82  53  32
[1933]  53   2  35  93  35  31   7  75  23  80  33  40  39  75  50  23  77  72  64  15  15
[1954]  56  49  43  38  80  42  82  95  59  54  88  63  40  26  40  58  54  18  78  37  60
[1975]  16  44  96  65   2 100  53  71   8  24  90  39 100  12   1  67  51  35  42  51  37
[1996]  53  64  27   7  16  66  31   9  20  52  87  48  57  26  93  12  26  95  60  85  76
[2017]  42  12  77  84  68  15  73  33  36  18  45  89  91  88   8   5  33   5  37  54  89
[2038]  75  21  48 100  55  82  84  84  67  72  61  16  99   6  94  30   5   6  43  54  35
[2059]  39   9  49  32  68  37  25  46   5  22   2  25  67   1  18  88   3 100 100  96  45
[2080]  85  37  30  94  44  52  69  73  54  83   9  91  33  58  23  61  55  81  33  26  13
[2101]  31  92  90  66  14  61  95  15  73  14  53  49  64  99  93  87   5  84  18  21  70
[2122]  73   8  11  18  19  22  89  14  76   9  70  24  44  13  39  44  97  36  91  11  14
[2143]  48  78  43  14   1   9  59   2  44  67  89  33  87  84  78  50  42  85  91  64  43
[2164]  32  87  58  34  83   2  22  58  22  96   5  66  24  60  98  27  78  58  68  97  46
[2185]  59  85  34  70  17  40  55  31  91  12  67  30  63  98  52   3  91  98  77  79  72
[2206]  88  36  94   4  74  83  57  27  47  74  44  74  11  24  90  65  69  96  12  25  79
[2227]  77  76  58  32  66   7  91  43  88  43  82  90  98   4   9  41  74  53   2  95  61
[2248]  26  59   9  76  51  49  30  96  85  34  99  35  79  14  75  88  73  72  20  97  54
[2269]   5  96  28  83   2  17  68  36  54  92  15  80  32  68  90  34   7   3  63  68  53
[2290]  28  20  86  13  27  59  67  81  87  75  68  84  79   9   9  85  41  91  65  80  11
[2311]  44  72  26  80  54  59  18  99  63 100  18  15  93   6  99   2 100  47  89  67  98
[2332]  27  11  56  47  84  11  10  99  69  63  36  49  91  53  72   8  95  95  31 100   2
[2353]  62  64  80  71  50  20  41  12 100  24  60  33  60   6  53  20  57  69  90  41  78
[2374]  28  87  43  21  31  96  73  84  37  83  57  65  15  91  91  14  25  76  33  28  44
[2395]  39  88  58  70  50  78  87  18  45  28  12  65  34  58  75  13  74  69  68  90  86
[2416]  17  94  73  51  33  96  35  14   3  25  55  52  93  50  55  52  11  62  29   8  36
[2437]  37  66  42  74   8  86  44  26   4  35  88  92  73  77   2  70  89  53  31  67  43
[2458]  99  66  82  20  22  84  44  43  76  94  33  29  43  54  39  88  34  40  51  65  86
[2479]  83   4  21  19  83  28  92  45  56  70  15  79   3  61  40  18  63  42  46  46  28
[2500]  20  84  24  89  74  17  58  11  35  43  68  16  38  58  86  28  49  56  69  11   8
[2521]  53  15  25  62  55  42   8  29  98   3  79  35  16  61  29  23  55   9  81  47  77
[2542]  62  17  62  71  24  14  43  55  97 100  52   9   8  14  61  12  99  89  41  37  57
[2563]  75  46  66  48  24  56  79  74  80  20  69  93  73  27  56  38  54   8  64  61  87
[2584]  85   5  42   4 100  42  69  70  72  84  22  76  44  22  83  92  58 100  15  92   9
[2605]   4  27  27  40  48  40  94  40  32   7  64  27  10  75  78  88  49  28  86  59  59
[2626] 100  45  72  25  77  44  57  61  73  17  37  70  39  22  56  73  18  68  74  17  71
[2647]  96   4  25  67  28  38  65  84  42  89  56  85  80  57  35  11  45  99  22  99  55
[2668]   8   7  84  54  55  42  29  53  47  43   4  44  37  16  32  61  55  21  18  97  64
[2689]  58  62  82  72  68  68  28  39  21  37  12  56  38  34  22   6  63  83  40   2  46
[2710]  15  81  43  13  49  27  77  32  37  39  10  11  88  89  14  98  57  10  61  47  13
[2731]  36  71   8  62  86   1  64  62 100  26   1  92  61  41  52  16  93  43  47  51  44
[2752]  87  52  97  87  97  49  97  81  66  63  74  85  36  80  11  67  35  13  51  19  51
[2773]   5  44  74  91  59  90  11   6  81  94  56  63  92  22  74  90  40  60  34  67  21
[2794]  65  15  33  32  86  13  60  35  88  90  51  86  73  57   3  36  31  31   3  71  92
[2815]  58  44  85  88  84  59  91  64  48  45  72  87  65  76  25  33  16  24  36  65  32
[2836]  85   2  27  67  63   3  96  47  37  99  80  10  12   9  92  83  54  13  35  11  99
[2857]  86  60  24  31  65   1  58  84  94  45  62  80  58  30  83  72  53  46   8  11  63
[2878]  78  68  80  94  26  96  57  43  49  68  48  81 100  33   7  42  76   6  83  36  69
[2899]  61  36  70  41   2  93  26  93  78  49  64  75  54  43  44  25  27  72  68  93  77
[2920]  83  57  83  28  17   6  60  93  28  37  72  65  98  18  40  19  14  14  39  35   3
[2941]  87  38  13  84  39  86  10  22  43  19  49  82  84  74  52  89  71  55  78  96  22
[2962]  82   7  54   3  98  65  26  11  27  19  70  44  11  60  55  27  22  87  71   9  36
[2983]  75  27  33  13  52  98  88  62  72  98  58  64  64  59  49  25  77  88  52  99  32
[3004]   9  54  87  22  60  79  93  37  42  81  89  91  58  41  55  72  86  44  25  63  90
[3025]  64  43  13  29   1  61  65  22  63  95  70  47  58  32  28  88  75  51  63  86  12
[3046]  98  29  68  31  60  76  23  56  10  31  10  50   7   9  53  76  12  93  89  15 100
[3067]   8  71  96  33  26  60  33  55  76  14  65  35  58  79  84  50  87  35  44  40  27
[3088]  29  93  49  52  32  64  79  74  87  49  39  68  72  70  81  42  61  30  40  73  16
[3109]  98  91  64  41  18  95  99  98  72  28  38  36  13  12  97  94  21  28   7  60   2
[3130]   7  16   1  97  40  97  35  53  34  43   1  93  63  54  27  24   7   7  40  57  40
[3151]  97  92  35  50  15  42  76  93  12 100  83 100  93   5  58  84  94  96  13  21  36
[3172]  79   6  53  13   9  40  21  67  20  48  94  98  36  27  74   1  90  29  63  42  60
[3193]  22  64  58  93  37  29   9  53  40  26  19  35  17  91  41  38  34  79  39  27 100
[3214]  82  34  56  66   8  29  54  10  53  10  35  51  46   5  29  78  38  12  57  55  24
[3235]  34  91  47  62  91  14  36  26  94  87  50  99  83   5  48  76  81  32  43  16  22
[3256]  69   9  80   8  36  79  11  79  14  69  14  51  31  46  57  81  49  59  52  47  83
[3277]   6   4   4  69  52  62  56  25  43  14  26   2  66   5  33  34  22  97  59  43  19
[3298]  81  83  31  37  32  94   6  43  64  33  61  75  54  53  31  35  16   2  81  21  39
[3319]  15  91  93  31  82  48  59  93  51  54   3   2  89  70  86  72  37  41  24  22  59
[3340]  26  88  71  31  47  32  42   7  87  88  82 100  54  77  52  58  27  65  56  36  29
[3361]  86  73  29   2  25  47  44   7  31  57  16  54  21  57  95   3  94  88  84  36  77
[3382]  73 100  85  24  41  37  83  65  49  50  72  14  87  78  80  17  52  52  55  29  74
[3403]  97  34  42  17  20   9  37  36  68  87  94  62  20   4  71  38  79  99  88 100  69
[3424]  47  99  24  74  17  44   8  30  37   5  47  68  17  41  14  45  21  59   6  28  20
[3445]   4  67  75  39  17  98  93  40  31  14  88  49   2  70  60  90   2  33  23  53  29
[3466]  67  53  52  91  53  64  76  75  84  45   8  10  61  29  56  29  16  99  58  33  63
[3487]  49  71  32  67 100  91  45   3  21  90   1  92  30  72  33  25  23  15  16  86  89
[3508]  35  79  30  48  16  57  97  59  52  73  84  58  26   5  64  96  19  73  92  31  20
[3529]  46  40  89  96  70  52  49  61  95  78  73  28  42  39   5  32  30  82  93  25  51
[3550]  46  65  52  95  70  53  22  30  29 100  48  86  12  83  72  58  13  89  74  84  68
[3571]  74  77  33  33  21  36  80  13  13 100   2  54  12  81  64  27  91  58  47  18  55
[3592]  54  42  49 100  32  72   6  47  48  71  31  52  86  39  99   4  26  85  32  98  34
[3613]  93  61  84  12  43  73  92   7   2  60  88  20  32  46  24  91  75  86  61  64  53
[3634]  83  95  34  44  60  57  97   3  78  90  40  36  67  68  40 100  35  15  45  75  81
[3655]  51  96   6  96  90   2  26  69   6  93  86  73  27  42  49  25  37  51  42  24  88
[3676]  81  83  20  19  77  62  80  26  91  27  23 100  81  31  71  28  41  78  60  50  46
[3697]   8 100  56  92  15  74  27  86  64   4  15  73  54  20  97  54  99  37  83  88  55
[3718]  79  87  29  25  61  23   1  59  51   3  79   7  24  92  58  11  68   2  28  42  98
[3739]  64  24  93  99  66  60  72  89  89  85  97   7  18  86  32  63  39  42  80  52  37
[3760]  47  19   2  15  81  23  80  65  25  29  92  34  29  99  17  12  40  41  94  53  74
[3781]  28  70  49  16  62  37  87  14  64  27  20  69  56  85  12  31  74  89  66   2  89
[3802]  73  24  17  99  67  50  59  80  43  51  14  79  20  48 100  84  78  25  83  93  70
[3823]  77  92  51  12  70  94  97  59  53   4  80  90  85  91  29  32  39  45  92  77  79
[3844]  54  96  45  82  11   5  17  38   5  93  47  28  50  80  32  42  10  61  83   8  21
[3865]  46  19 100  49  20  19  94  10  84  95  64  69  56  42  60  47  88  40   5  13  62
[3886]  71   6   1  39  78  86  54   1  24  98  13  54  47   2  73   3  71  12  35  87  98
[3907]  87  46  90  58  40  72  16  88  98  55  88  90 100  22  76  94  99  25  22  15  10
[3928]   4  20  45  66  30   9  33  74 100  21  14   7  96  69 100  17  84  61  12  41  20
[3949]  84  33  73  15  79  98  81  17   8  64  11  34  15  36  14  20  28  16  23  13  12
[3970]  55  67  34  79  59   4  19  78  32  71  49  89  19  12  61  55  73   1  22  90  73
[3991]  96  72  11 100  16  81  79  28  51  14  13  30  33  71 100  59  91  20  59  67   9
[4012]  44  98   8  45  45  16  16  87  51  14  54  59  33  47  21  78  17  82  86   3  65
[4033]  99  49  11  25  90  14  84  77  62  10  81  96  98  20  63  53  21   5  94  58  18
[4054]  35  95  35   9  29  48  43  63  86  11  34  56  53   4  86  30   6  92  58  70  50
[4075]  55  68  81  37  50  55  89  51  54  36  74  14  80  25  21   2  47 100  20   6   2
[4096]  64  68  71  67  17   4  79  82  34  92  55  71  95  88  58   5  22  54  21  75  56
[4117]  76  73  15  11  79  67  95  69  53   5  43  22  75  52  99  26  44  55  48  35  22
[4138]  13  62  70  46  92  23  57  68  59  96  52  63  88  93  56  19  32  25  98  67  21
[4159]   7  80  63   7  23  30  51  67  92  13  72  90   8  66   5  56  89  84  23  49   6
[4180]  46  80  39   6  31   4  22  46  37  11  29  84  35  24   4  79  36  49  11  17  84
[4201]  73  54  70  43  24  59  31  92  70   3  63  83  23  52  46  34   1  53  63  69  80
[4222]  95  56  65  99  43  34  84  25  48   8   2  13  36  63  82   6  23  75  13  78  63
[4243]  63  79  17  32  72  11  53  72  55  52  68  54  35  66  74  88  64  58  37  20   2
[4264]  33  42  24  45  79  99  61  79  59  26  84  64  61   5  31  59   1  38  10 100   9
[4285]  29  69  90  78  68  36  15  31  79  75   6  10  17   3  84  35  32  22  74  72  82
[4306]  77  19  53  36  36  38  13  52  14  91  57  46  94  84  30  21  97  45  12  98  51
[4327]  39  84  87  40  22  16  32  71  68  85  45  13  81  74  81  99  19  17  98  53 100
[4348]  86  44  80  22  78  42  25  23  73  82  10  60  93  44  27  76  56  53  81  32  72
[4369]  83  25  68  66  98  84  28  86  40  58  61  17  87  10  20  32  14  24  60  48  80
[4390]  86  93  35  98  99  98  11  39  30  62  76  61  46   1  10  36  99  19  67  69  57
[4411]  92  93  68  84  68  51  20  62   8  56  65  85   3  50  72  62  26  78  58  50  35
[4432]  53  40  58  94  88  88  75  30  47  11  83  62  72  18  80  19  30  69  91  16  83
[4453]  84  90  96  54   4  92  42  42  86  36  44  17  45   2  58   8  52  60  47  27  86
[4474]  61  50  30  84  34  24  18  63  72  95  69  51  56   3  78  24  60  51  74  86  37
[4495]   4  28  81  42  91   4  44  87  66  61  34  90  18  16  98  70  38  72  37  87   6
[4516]  63  37  16  73  73  60   8  68  65  34  81  98  52  30  39   4  97  29  38  82  30
[4537]  29  49  44  49  60  48  11  84  49  20  75  34  84   1  76  69  22  87  29  13  14
[4558]  80  72  17  91  49  73  52  78  36  75   7  97  64  46  66  99  82  92  92  30  15
[4579]  59  70  58  60  12  65  48  34  94   1  39  54  25  44  66  70  93  98  84  65   3
[4600]  55  31  26  98  10  97  18  16  12  90  21  33  88  23  55  71  38  62  20  31  68
[4621]  53  20  29  51   3  12  24  89  52  42   6  63  77  46  27   9  15  61   3  85  81
[4642]  53  72  14  36  38  62  38  51  57  73  83  99  15  70   2  65  41  18  26  90   8
[4663]  31  34  47  66  86  60  13  60  51   6  35  86  44  92  41  66  18  91  97  33  81
[4684]  53  89  39  66   7  46  58  37  39   5  89  89  65  92  11  40   8  69  26  86  92
[4705]  47   9  39  99  62  71  75  73  88  12   5  90  53  36  32  69  94   2  94  28  37
[4726]  20   7  65  77  52  46  39  81  53  27  36  36  48  77   9   5  80  47  73  93  21
[4747]  40  56  44  72  87  81  62  38  17  88  12  95  57  94  15  48   3  64   5  86  45
[4768]   2  31   6  19  77  17  32  23   8  78  81  32  43  11   2  70  52  38  19  84  65
[4789]  31  85   7  93  44  64  17   2  20  92  78   1  40  74  54  62  84  42  93  53   8
[4810]  91  33  68  16  65  64  61  41  59  41  86  84  74  66  34  84  77  94  72  64  85
[4831]  15  38  87  13  59  98  10  79  24  99  36  36  34  66  24  55  95  75  91  29   7
[4852]  24  49  91  95  24  93  81  79   4  61  83  78  36  29  53  77  22  27  77  79  74
[4873]  41  83  69  95   8  49  40  65  11  62  33  55  75  91  29  54  39  93  71  10  18
[4894]  47  89  98  19  79  75  62  24  25  49   4  69  53  74  25  78  40  13   3  84  63
[4915]  11  20  94  77  41  28  57  62  48  45  98  22  44   8   7  35   3  59  87  58  67
[4936]  35  24  19  88  17  91  28  95   7  83  25  37  58  43  21  30  14  82  12   1  13
[4957]  71  74  70  80  86  89  72  53  65  78  89  36  93  66  83  17  68  28  66  28  73
[4978]  50  53  71  92  27  93  72  71  17  31  33  56  28  92  19  54  13  58  12  91  29
[4999]  58  17
