Parameters for simulation. Weather from davis data. 
 Run type = standard
traits = day temp precip
best.precip has value 10.000000 
best.temp has value 10.000000 
duration has value 10.000000 
N has value 10.000000 
numYears has value 10.000000 
runType has value 10.000000 
 sds= 
$day
[1] 3.65

$temp
[1] 0.45

$precip
[1] 1

$cutemp
[1] 90

$cuprecip
[1] 6

$daysq
[1] 1332.25

$tempsq
[1] 19.7136

$precipsq
[1] 100

$cutempsq
[1] 2500

$cuprecipsq
[1] 200


 mutrate=
$day
[1] 0.01

$temp
[1] 0.01

$precip
[1] 0.01

$cutemp
[1] 0

$cuprecip
[1] 0

$daysq
[1] 0

$tempsq
[1] 0

$precipsq
[1] 0

$cutempsq
[1] 0

$cuprecipsq
[1] 0


 start=
$day
[1]    1 1095

$temp
[1]   5 135

$precip
[1] 1e-02 3e+02

$cutemp
[1] 0

$cuprecip
[1] 0

$daysq
[1] 0

$tempsq
[1] 0

$precipsq
[1] 0

$cutempsq
[1] 0

$cuprecipsq
[1] 0


 years.index=
   [1]  81  35 100  25  13  58  50  23  55 101   3  75  58  98 101  25
  [17]  82  73  82  36 100 100  57  70  82  69  17  18  86  63  56 101
  [33]  13  77  50  42  25  94  16  26  94  39  91  56  17  63  39  24
  [49]  16  56   3  75  77  52  97  94  39   3  24  86  62  40  69  66
  [65]  66  91  16  57  24  45  66  87  70  54  52  21  91  61  98  87
  [81] 101  21  66  39 101  45  16  40  46  36  87  66  50  62  23  55
  [97]  57  46  61  70  98  69  26  35  86  36  40  91  70  36  63  69
 [113]  18 100  94  35  35  54  62  21  91  62 101  94  77 100   7  36
 [129] 100  55  73  30  61   3  94  87  57  91  86  46  69  84  87  45
 [145] 101  62  91  82  97  40  46  55  57  16  23  56  54  82   9  66
 [161]  73  58  82  54  52  81  55  25  13  75  63  84  24  61  23  58
 [177]  63   3   3  39  63  81  98  26  87  86  77  58  26  35  50   7
 [193]  91  57  58  16  55  63  24   3  23  61  40  86 101  16  35  30
 [209]  50  36  17  87  69  61  56  16  36  54  87  24  46  58  35  13
 [225]  42  13  94  40  39  16  50  17  35  61  18 100  86  35  84  62
 [241]  30  25  39  55  86  54  97  98  13  42  55  21  13  69  39  62
 [257]  36  39  58  40  82  94  57  22  85  63  50  77  58  16  55  94
 [273]  69  22  82  81  91  55  25  56  46  55  26  82  25  75  94  26
 [289]  56  85  97  77 101  13  57  87  26  24   3  86  40  73  77  57
 [305]  46  40  61  21  69  17  18  23  84  62 101  42  18  56  13  23
 [321] 100  62  55  25   3  87  16  50  40  21  50   9  45  85  86  25
 [337]  58  58  56  91 101  66  40  73  21  36  94  25  35  21  42  36
 [353]  87   3  85  17  24  50  63  45   3  84   7  25  98  62  16  87
 [369]  87  77  82  25  61   7  13  21  40  25  30  54  81  39  16  98
 [385]  66  26  16   9  46  40  75  17  25  63  56  36  54  46  66  62
 [401]  77  56   9  18  85  36  54  42   3  46  23 100   7  21  13  50
 [417]  52   9  56  23  13  81  91  97  58   9  54  17  70  17  23 100
 [433]  85  87  96  98  98   7  82  91  98  45  97  22  87  40   3  73
 [449]  61   9  36  69  26  46  50   3  87  66  36  86  17  75   9  30
 [465]  81  42  46  94  18  91 100  62  21  55  25  26  22  16  91 101
 [481]  69  86   9  75  86   7  26  58  70  46  63  62  91  54  36   3
 [497]  54  84  73  73  58  62  87 100  81  69 101  81  26  91  17  85
 [513]   9  55  61  35  84  24  39  46  17  63  25  22  30  77  91  91
 [529]  21  13  94  82  40  57  42 100  21  26  58  96  45  16   7  86
 [545]  46  42 101  24  86   9  42  57  96  66  61  24  91  85  86   3
 [561]  62  17  69  30  18  30  24  55  35  82  77   3  55  63  52  45
 [577]  18  50 100  24  56  58  30  13  17  42   3  18  23  57  56 101
 [593]  77  97  18  45  17  91  13  77  39  39  75  16  63  42  98  63
 [609]  39  87  58  63  42  57  46  21  13  91  24  86 100   3  82  87
 [625]  23  46  62  50  13  86  91   7  66  87  77  75  96  62  17  86
 [641]  77  73  94  52  75  13  50  91  82  21  30  97  84  77   7   3
 [657]  58  98  25  24  21  87  18  26  86 101  61   9  86  62 100  66
 [673]  82  16  86   9  45  22  86  69  77  13  66  30  73  24  21  61
 [689]  40  70  75  21  50  24  17  82  25  30  91  17  56   7  97  55
 [705]   7  73  16  66  57  50  55  52  57   9  98  56   3  63 101 101
 [721]  46  58  55  62  13  66  55  21  13  50  62  77  82  42  63  55
 [737]  63  42  69  58 101  85  55  35  30  42  21  25 100  75  62  63
 [753]  63  57  30   7  13  18   3 100  85  66  30  81  54  17  69  17
 [769]  24  23  40  91  39  45  94  62  21  63  94  23  56  61  42  30
 [785]  45  18  58  24  63  87  62  30  75  24  13  61  42  40  75  22
 [801]  26  85  70  52  82  13  56  81  69   7  40  30  24  50  52  54
 [817]  25  70  42  16  18  63  39  91  25  87  87  85  55  84  69  26
 [833]  26  55  58  63  40  66 100 100  70  57  87 101 100  57  81  50
 [849]  22  39  62  82  84  50  87  61  13  39  46  70  61  98 101  50
 [865]  94  46  57  75  96  91  77  54  18  52  42  77  61  97  73  46
 [881]  36  13  58  30  62  16  75  57   7  84  13  85  23  96  23  17
 [897]  58  56  35  75 100  52  42  17  63  54  36  18   3  24  42  55
 [913]  98  73  56  39  16  56   7  98  94  13  87  66  13  55  40  81
 [929]  16  40  18  13  82  13  13  25   9  13  52  62  50   9  94  62
 [945]  25   7  77  40  17  26  86  75  36  45  56  77  97  77  62  66
 [961]  77  86  75  56  42  82  61  81  42  94  16  23  24  57  75  45
 [977]  25  22 101  70  94  75  30  94  81  86  84  52  45  96  84  56
 [993] 100  36 101 101   3  46  58  56
