Parameters for simulation. Weather from davis data. 
 Run type = standard
traits = day cutemp cuprecip
best.precip has value 10.000000 
best.temp has value 10.000000 
duration has value 10.000000 
N has value 10.000000 
numYears has value 10.000000 
runType has value 10.000000 
 sds= 
$day
[1] 3.65

$temp
[1] 0.45

$precip
[1] 1

$cutemp
[1] 90

$cuprecip
[1] 6

$daysq
[1] 1332.25

$tempsq
[1] 19.7136

$precipsq
[1] 100

$cutempsq
[1] 2500

$cuprecipsq
[1] 200


 mutrate=
$day
[1] 0.01

$temp
[1] 0

$precip
[1] 0

$cutemp
[1] 0.01

$cuprecip
[1] 0.01

$daysq
[1] 0

$tempsq
[1] 0

$precipsq
[1] 0

$cutempsq
[1] 0

$cuprecipsq
[1] 0


 start=
$day
[1]    1 1095

$temp
[1] 0

$precip
[1] 0

$cutemp
[1]     5 27000

$cuprecip
[1]    0.01 1800.00

$daysq
[1] 0

$tempsq
[1] 0

$precipsq
[1] 0

$cutempsq
[1] 0

$cuprecipsq
[1] 0


 years.index=
  [1]  28  67  52  38  45  55  43  61  22  50  66  33  45  20
 [15]  11  88  28  24  10  31  30  48  55  82  12  44  28  23
 [29]  13  94  69  43   6   4  99  63  67  80  99  47  17  40
 [43]  30  18  42  99  43  78  49   7 101  14  86  74  27  84
 [57]  93  28  14   2  45  80  94  36  44  62   3  63   9  18
 [71]   4  16  25  17  21  99  17  39  95  81  16  41  55 101
 [85]  52  92  91  43  61  39  38  55  67  24  52  56  25  23
 [99] 101   4  17  43  16  38  18  20  32  84  70  23  30  75
[113]  49  68  83  32  66  25  61  49 100  19  58  83  63  53
[127]  46  42  42  91  13  69  83  29  84  40  37   5  70  69
[141]  47  60  10  76  51  48  59  45  48  24  66   6  80  46
[155]  68  36  66  51  52  28  63  85  38  74  33  81  18  59
[169]  49  23   5  14  28  78  17  14  35  18  38  91  99  15
[183]  37  79   4  83 101  51  44  54  81  88  94  72  33  77
[197]   9  26  39  58  87  31  84  77  61  61   3  19   4  64
[211]  20  13  24  80  43  33  24  88  84  59  16  52  91  81
[225]  65  86  62  52  61  47  79  29  79  83  26  87  10 101
[239]  85  65  13  26  61  70  56  15  85  47  12  41  74  76
[253] 100  40  51  91  94  90  46  37  55  97   5  74  59  66
[267]  44  33  72  23   2   1   8  51  34  60  15  63  53   4
[281]  23  95  55  24  94  13  16  43   6  24  33   7  68  52
[295]  18  89  85  64  43  93   9   2  22  56  52  67  65  59
[309]  61  69  43  17  41  18  73  67  75  92  90  58  91  89
[323]  32  67  34  11  10  21  31  55  84  95  67  49  25  91
[337] 100   8   7  91  89  42  20  33  78   4  17  10  14  82
[351]  47  22  36  34  54  11  88  82  14  58  11  36  35  27
[365]  22  78  26  43  68  94  99  10  26  45  66  84  53  64
[379]  81  69  11  80  49   7  53  95  48  76  38  55  92  69
[393]  64  72  13  69  52  99  63  44  28  85  64  17  99  33
[407]  43  61   1  28  64  63  89  95  50  21  90  91  42  90
[421]  17  61  34  97  11  51  97  47  92  71  90  84  40  93
[435]  79  32   3   8  69  25  20  82  91  39  16  62  19  10
[449]   6  86  68  22   1  69  85  80  48  89   6  52  86  15
[463]  28  94  44  32 101  48  59  49  91  10   2  70  65  74
[477]  92  17  69  74  91  98  49  69  15  89  68  81  71  67
[491]  69  53  36  44  33  50  39  23  61  93
