Parameters for simulation. Weather from davis data. 
 Run type = standard
traits = day temp precip
best.precip has value 10.000000 
best.temp has value 10.000000 
duration has value 10.000000 
N has value 10.000000 
numYears has value 10.000000 
runType has value 10.000000 
 sds= 
$day
[1] 1.825

$temp
[1] 0.225

$precip
[1] 0.5

$cutemp
[1] 45

$cuprecip
[1] 3

$daysq
[1] 666.125

$tempsq
[1] 9.8568

$precipsq
[1] 50

$cutempsq
[1] 1250

$cuprecipsq
[1] 100


 mutrate=
$day
[1] 1

$temp
[1] 1

$precip
[1] 1

$cutemp
[1] 0

$cuprecip
[1] 0

$daysq
[1] 0

$tempsq
[1] 0

$precipsq
[1] 0

$cutempsq
[1] 0

$cuprecipsq
[1] 0


 start=
$day
[1]    1 1095

$temp
[1]   5 135

$precip
[1] 1e-02 3e+02

$cutemp
[1] 0

$cuprecip
[1] 0

$daysq
[1] 0

$tempsq
[1] 0

$precipsq
[1] 0

$cutempsq
[1] 0

$cuprecipsq
[1] 0


 years.index=
   [1]  17  40  97  16  26  33   1   4  72  75  74  29  49  95  46   4  83  62  16  13
  [21]  12  39  19  34  12   2  22  42  62   2  71  69  79 100  62  25  73  59  97  11
  [41]   1  23  53  41  91  25  44  49  48  11  23  54  82   9  12  62  19  57  66  78
  [61]  68  88  94  70  96  52  38  33  75  34  33  10  45  92  63  62   6  99  43  31
  [81]  97 100  35  86  76  56  95  14  61  48  39  55  44  16  25  56  89  91  63  36
 [101]   9  62  44  55  65   9  97   9   5  44  92  44  61  16  91  23  10  32  72  71
 [121]   1  24  79  88  23  51   7  79  81  81  55  91  91  98   2  32   9  55  98  84
 [141]  22  21  91  49  21  28  29  95   6  38  56  68  53  32  12  85  81  39  98  96
 [161]  89  10  76 101  96  50  81  64  82  93  71  84  16  15  42  71  77  57  81  77
 [181]  91  61  41  28   4  38  35  39  75  66  81  73  68  68  25  79  90  64  35  25
 [201]  29  91   3   9  63  76  30   8  90  69  77  58  57  45  71  22  60  65  53  57
 [221]  49  83  20  72  65  71  91  87  45  84  67  98  29   1  16   5  78  58  16  97
 [241]  86  52  74  33  34   1  20  77  48  35  85  53  70  46  13  83  67 101  72  44
 [261]  80  83  77  34  71  60  49  66  40  31   4  72  92  37   1  55   3  75  53  63
 [281]  72  88  91  91  61  45  11  90  46  80  98  76  66  16  85  63  30   3  88  11
 [301]  46  96   4  34   7  75  85  30  90  75  15  86  39 100  86  60  51  35 101   8
 [321]  16 100   9  90  80  16  73  86  75   6  86  94  22  11  39  11  10  75  54  25
 [341]  38  64  96  49  87   9   4  94  28  71  56  18  11  57   7   5  32   8  79  76
 [361]  97  83  97  65  61  78  66  98  16  27  70  32  77  54  65  67  34  35  19  64
 [381]  48  65   6  97  22  98  25  46 101  82  31  63   9  32  38  38   5  59 101  24
 [401]  49  49  84   6  12  37  36  37  25  66  17  29 101  78  44  66  98  17  32  32
 [421]   3  70  15  66   7  34   8  64  14   7  13  27  99  94  93  40  36  73  76  58
 [441]   1  45  27  88  88  32  57  77  71  78  83  82  89  84  54  67   6  30  99  75
 [461]  45  18  51  23  20  72  53  77  95  79  25  58  18  95  61  49  40  60  70  43
 [481]  28  84  10  39  67  32  26   2  17   8  55  80  53  22  96  33  92   2  51  93
 [501]  29  74  84  52  64  81  76  95  97  51  15  94  43  57  43  54  59  50  99  87
 [521]  88  27  79  74  80  94  84  53   1  60  47  58  91  22  80 100  43  77  24  96
 [541]   9  87  16  33  67  70  84  23  50  97   9  87  31   2  46  12  39  51 101  35
 [561]  49  17  95  92  48  95  26  60  55  29  29  22   9  14  68  79  66  60   3  32
 [581]  65  18  49  21  76  71  36  79  10  76  21  21  96  31  91  33  49  21  56  41
 [601]  30  50  49   2  73  95  24 100  88  97   3  16   6  81  23  91  60   3  36   2
 [621]  35  12  42  38  14  85  19  81  42  76  28  76   3  57  17  52  40  17  57  56
 [641]  56  24  47  64  34  90  81   7   7  20  61  52  14  84  26  65  22  33  25  62
 [661]  29  63  64  82  70  14  78  24  74  39  52  46  69  41  60  16  92  46  20  60
 [681]  67  80  90  22  70  63  69   4  66  89  98  69  76  28  39 100   9  49  36  40
 [701]  27  41  81  61  54  97  99  26  73  32  39  10  21  34  24  93  27  49  55  20
 [721]  40 101   2  12  80  16  28   1   7  10  11  79  84   6  35  79  15  13  98  43
 [741]  10  90  30 100  41  35  71  13  10  46  54   6  93  88   3  17  35  84  50  36
 [761]  66  70 100  27  63  36  49  36  78  22  64  66  44  15  72  59   1  39  37  78
 [781]  42  32   5  80  54  86  76  98  35  47  81  89  69  88   4  88  12  24  43  91
 [801]  25   2  87  87  38  78  16  66  86  39  34   7   7  40  15  45  27  87  55   9
 [821]  27  85  89  25   9  38  16  26  16  66  79  99  99  28  80  61  65  12  29  67
 [841]  58  37  79  10  34  65   9  37  26  54  64  61  28 101  19  49  13  51  39  74
 [861]   3  70  48  20  80  88  22  41  50  70  73  78  93  42  66  71  12  45  98  97
 [881]  92 100  96  32  93  74  31  42  25  17  31  88  33  10  57  18  78  85  54  61
 [901]  73  67  39  68  63  86  70  30  23  33  76  29  32  76  13  39  92  33  31 100
 [921]  59   8  65  15   1  65  12  64   5  66   6  47  71  24  35  27  39  26  76  79
 [941]  71  42  43  33  82  14   7  35  20  35  54   9  36   7  60  87  50 100  93  25
 [961]  28  95   1  61   3  39  71  97  16  42  99  90  93  75   7  62  54  86   3  76
 [981]  18  93  28  84  83   4   6  55  43  24  95  26  80  33  82   9  12  42  63  96
