Parameters for simulation. Weather from davis data. 
 Run type = standard
traits = day cutemp cuprecip
best.precip has value 10.000000 
best.temp has value 10.000000 
duration has value 10.000000 
N has value 10.000000 
numYears has value 10.000000 
runType has value 10.000000 
 sds= 
$day
[1] 3.65

$temp
[1] 0.45

$precip
[1] 1

$cutemp
[1] 90

$cuprecip
[1] 6

$daysq
[1] 1332.25

$tempsq
[1] 19.7136

$precipsq
[1] 100

$cutempsq
[1] 2500

$cuprecipsq
[1] 200


 mutrate=
$day
[1] 0.01

$temp
[1] 0

$precip
[1] 0

$cutemp
[1] 0.01

$cuprecip
[1] 0.01

$daysq
[1] 0

$tempsq
[1] 0

$precipsq
[1] 0

$cutempsq
[1] 0

$cuprecipsq
[1] 0


 start=
$day
[1]    1 1095

$temp
[1] 0

$precip
[1] 0

$cutemp
[1]     5 27000

$cuprecip
[1]    0.01 1800.00

$daysq
[1] 0

$tempsq
[1] 0

$precipsq
[1] 0

$cutempsq
[1] 0

$cuprecipsq
[1] 0


 years.index=
  [1]  23   4  72  16  60  48  55   2  21  18  96  81   3  93  71  92
 [17]  94  17  67  52  79  38  31  39  70  27  52  31  99  40  16  26
 [33]  75  83  58   4  53  83  88   5  83  31 100  70  90  97  69  47
 [49]  82  64  78  66  86  81  81  30  36  35  42  54  21  15  28  69
 [65]  99  50  24  40  89  97  96  48   3  44  64  41  19   3  89  70
 [81]  41  86  98  39  79  29  54   7  98  79  93   6  25  17   6  23
 [97]  71  83  74  90  91  14  42   5  67  92  39  46  13  82  68  61
[113]  56  91  56  48  79  33  90  20  89  13  33  74   1  69  13  85
[129]  57  70  91  61  75  84  21  46  31  74  45  51  74  69  71  18
[145]  76  98  15  15   1  19  12  99  60  86  19  62  78  89  37  21
[161]   7  53  99  47  76  60   8  37   7  46  53  50  25  96  60  58
[177]  60  88  68  93  52  83   9  68   4   6  45  74  42  33  88  70
[193]  62  75  87  79  90  62   8  38  99  29  60  37  54  31  68   9
[209]  41  54  84  40  63   2  43  23 100 101  44  45  33  95  33  50
[225]  82  35  38 101  14  69   3  28  61  46   9  37  95  73  46  70
[241]  34  50  81  82  76  59  36  60  64  65  13  79  96  54  96  11
[257]  91  32  86  67  15  54  11  42  15  73  68  54  20  89  34   2
[273]  62  68  87  78  83  80  45  78  48  15  93  37  37  47  10  42
[289]  84  37  71  49  10  58  53  92  53  92  45  35  30  37  37  84
[305]  99  30 100   4  27  88 101  14  83  53  90  85  70  90  49  12
[321]  50  47  39   4  13  93  77   8  70  90  44  28  33  23  69  28
[337]  96  40  84  37  33  83  56  12  84  17  27  42  17  78  21  50
[353]  33  64  37  77   7  95  87  48  71  98  63  93  59  30  27  25
[369]  69  43  98  89  68  96  94  90  90  83  90  70   3  21  86  19
[385]  94  19  15  96  38 101 101  37  88 101  64  22  20  82  19   4
[401]  31  22  19  55  16  84  79  38  20  92   7  25   1  63  79  25
[417]  58  29  97  99  17  99  36  23  21  82  59  71  25  50 101  16
[433]   9  61  30  47  50  52  88 100  28  89  72  22  14  22   3   5
[449]  21  73  44  89  71   1  11  65  78  19  52  79  20  38  88  94
[465]  42  25  74  48  98  15  35  96  26  80   6  85  68  70  18  94
[481]  96  44  29  58  66  65  22  54  91  83  79  34 100   6  56  76
[497]  74  83  14  99
