Parameters for simulation. Weather from davis data. 
best.precip has value 10.000000 
best.temp has value 10.000000 
duration has value 10.000000 
N has value 10.000000 
numYears has value 10.000000 
runType has value 10.000000 
 sds= 
  day      temp    precip
1   1 0.3162278 0.3162278

 mutrate=
  const day temp precip
1   0.1 0.1  0.1    0.1

 start=
  daymin daymax tempmin tempmax precipmin precipmax
1      0    100       0      10         0        10

 years.index=
   [1]  50  51  52  53  54  55  56  57  58  59  60  61  62  63  64  65  66  67  68  69  70  71  72  73  74  75  76  77  78  79  80  81  82  83  84  85
  [37]  86  87  88  89  90  91  92  93  94  95  96  97  98  99 100  50  51  52  53  54  55  56  57  58  59  60  61  62  63  64  65  66  67  68  69  70
  [73]  71  72  73  74  75  76  77  78  79  80  81  82  83  84  85  86  87  88  89  90  91  92  93  94  95  96  97  98  99 100  50  51  52  53  54  55
 [109]  56  57  58  59  60  61  62  63  64  65  66  67  68  69  70  71  72  73  74  75  76  77  78  79  80  81  82  83  84  85  86  87  88  89  90  91
 [145]  92  93  94  95  96  97  98  99 100  50  51  52  53  54  55  56  57  58  59  60  61  62  63  64  65  66  67  68  69  70  71  72  73  74  75  76
 [181]  77  78  79  80  81  82  83  84  85  86  87  88  89  90  91  92  93  94  95  96  97  98  99 100  50  51  52  53  54  55  56  57  58  59  60  61
 [217]  62  63  64  65  66  67  68  69  70  71  72  73  74  75  76  77  78  79  80  81  82  83  84  85  86  87  88  89  90  91  92  93  94  95  96  97
 [253]  98  99 100  50  51  52  53  54  55  56  57  58  59  60  61  62  63  64  65  66  67  68  69  70  71  72  73  74  75  76  77  78  79  80  81  82
 [289]  83  84  85  86  87  88  89  90  91  92  93  94  95  96  97  98  99 100  50  51  52  53  54  55  56  57  58  59  60  61  62  63  64  65  66  67
 [325]  68  69  70  71  72  73  74  75  76  77  78  79  80  81  82  83  84  85  86  87  88  89  90  91  92  93  94  95  96  97  98  99 100  50  51  52
 [361]  53  54  55  56  57  58  59  60  61  62  63  64  65  66  67  68  69  70  71  72  73  74  75  76  77  78  79  80  81  82  83  84  85  86  87  88
 [397]  89  90  91  92  93  94  95  96  97  98  99 100  50  51  52  53  54  55  56  57  58  59  60  61  62  63  64  65  66  67  68  69  70  71  72  73
 [433]  74  75  76  77  78  79  80  81  82  83  84  85  86  87  88  89  90  91  92  93  94  95  96  97  98  99 100  50  51  52  53  54  55  56  57  58
 [469]  59  60  61  62  63  64  65  66  67  68  69  70  71  72  73  74  75  76  77  78  79  80  81  82  83  84  85  86  87  88  89  90  91  92  93  94
 [505]  95  96  97  98  99 100  50  51  52  53  54  55  56  57  58  59  60  61  62  63  64  65  66  67  68  69  70  71  72  73  74  75  76  77  78  79
 [541]  80  81  82  83  84  85  86  87  88  89  90  91  92  93  94  95  96  97  98  99 100  50  51  52  53  54  55  56  57  58  59  60  61  62  63  64
 [577]  65  66  67  68  69  70  71  72  73  74  75  76  77  78  79  80  81  82  83  84  85  86  87  88  89  90  91  92  93  94  95  96  97  98  99 100
 [613]  50  51  52  53  54  55  56  57  58  59  60  61  62  63  64  65  66  67  68  69  70  71  72  73  74  75  76  77  78  79  80  81  82  83  84  85
 [649]  86  87  88  89  90  91  92  93  94  95  96  97  98  99 100  50  51  52  53  54  55  56  57  58  59  60  61  62  63  64  65  66  67  68  69  70
 [685]  71  72  73  74  75  76  77  78  79  80  81  82  83  84  85  86  87  88  89  90  91  92  93  94  95  96  97  98  99 100  50  51  52  53  54  55
 [721]  56  57  58  59  60  61  62  63  64  65  66  67  68  69  70  71  72  73  74  75  76  77  78  79  80  81  82  83  84  85  86  87  88  89  90  91
 [757]  92  93  94  95  96  97  98  99 100  50  51  52  53  54  55  56  57  58  59  60  61  62  63  64  65  66  67  68  69  70  71  72  73  74  75  76
 [793]  77  78  79  80  81  82  83  84  85  86  87  88  89  90  91  92  93  94  95  96  97  98  99 100  50  51  52  53  54  55  56  57  58  59  60  61
 [829]  62  63  64  65  66  67  68  69  70  71  72  73  74  75  76  77  78  79  80  81  82  83  84  85  86  87  88  89  90  91  92  93  94  95  96  97
 [865]  98  99 100  50  51  52  53  54  55  56  57  58  59  60  61  62  63  64  65  66  67  68  69  70  71  72  73  74  75  76  77  78  79  80  81  82
 [901]  83  84  85  86  87  88  89  90  91  92  93  94  95  96  97  98  99 100  50  51  52  53  54  55  56  57  58  59  60  61  62  63  64  65  66  67
 [937]  68  69  70  71  72  73  74  75  76  77  78  79  80  81  82  83  84  85  86  87  88  89  90  91  92  93  94  95  96  97  98  99 100  50  51  52
 [973]  53  54  55  56  57  58  59  60  61  62  63  64  65  66  67  68  69  70  71  72  73  74  75  76  77  78  79  80
